-2619
-7998
3909
-1863
-2729
13022
11262
-20752
13966
-3924
21
-2933
3188
-3230
-5775
5839
3725
-13244
12373
4320
-1050
-6393
5751
1254
-3180
6667
-7324
-9514
13703
3517
-5462
-14523
912
-3409
3583
1692
-4291
6574
3148
13196
-2497
-14089
-3288
-8052
9057
-2270
-3405
6947
8201
12320
-12711
11247
2569
1307
-6961
208
-2775
2815
4675
4224
3628
4599
21123
9077
-19678
8231
-2813
-27502
18223
-11585
-7927
-3291
540
-3719
3149
-144
-623
3865
1100
9988
-12620
14364
7800
1106
-11160
1533
1849
-3953
7813
-1134
-59
-22347
3660
6194
-6738
1590
-18320
21197
5303
11165
-5641
10069
10453
3281
-12282
-1420
-571
-12536
15139
-1253
-4269
-13990
2735
-5848
3224
118
-4329
4311
9260
10923
270
-19268
-4536
-12343
9984
-1339
3961
4460
6608
14660
-4642
-5300
3408
1281
-2877
-1949
-14552
16558
3075
8485
-5543
-4375
6145
-3679
-3571
8606
3212
-16047
19562
-2297
2430
-1086
8289
16287
-15396
2937
-8429
-8292
8269
-2544
24939
-23149
5725
-1212
-11520
7624
-13451
324
11165
1456
5014
-25648
14292
1596
-5049
2188
-4883
6919
4384
3025
13993
-11070
12240
1290
-13400
11876
540
-9144
5411
-8028
-7994
-14625
-8230
-8257
20742
349
-2607
2636
7390
11891
-7779
-10144
1018
-3578
1911
1462
-6650
13292
3816
8837
-2447
-1261
7851
7363
-5353
4454
4260
-5286
2110
-7061
1783
-2145
6368
-3037
-1750
4928
3586
-11802
8090
-1086
-7712
-4780
-4919
-2165
2322
-926
-6718
8760
6792
12418
-5967
5285
7829
-2425
-4150
3859
5599
-12787
14038
-6181
10263
-14665
5295
-8487
-544
21783
-472
-23620
15527
-4646
5883
-8871
-4743
-3496
-9162
15604
3709
-7077
8994
914
-10530
13869
8542
458
-8471
-1686
-1782
-3134
8113
-968
30272
-22167
4238
-4712
-11122
13631
5408
-5278
1902
-10689
2140
-15441
-3122
5829
-5705
15501
-17527
2453
11422
7694
15084
-27059
306
-8545
10190
12404
3445
-6419
3537
-389
4560
-3287
13117
-4827
-5899
6572
9591
-15004
3413
-3001
-2890
-13977
3642
-12269
12821
-1861
3813
-924
9308
5477
-1913
-16128
17186
-6787
5083
-6462
2272
302
3751
4992
-6289
-1066
1211
-10026
3300
2903
1796
4986
3143
4091
1637
-5610
7735
-4112
1535
5713
12280
-9779
648
-6072
-3802
1338
8793
-5530
-3339
-2397
12259
-4103
3683
-2068
-1280
-12636
11271
-3492
9581
25
1302
-7139
2168
3125
554
-828
2271
1902
-6084
7949
-7443
-5005
6198
4170
-2031
-17924
6864
-9442
14796
-3084
2003
1979
3588
4845
-4515
-12619
3468
6197
-5497
-1732
-12601
18000
1532
10481
-1035
4221
14668
4941
-10553
6868
5727
-17028
7439
-11025
-14711
13820
4462
2641
-9501
1362
-1916
-2160
7903
2866
-4081
-3447
2999
-4387
149
5813
-5305
-8844
17549
3549
-2392
-4905
10393
-8113
-3063
-11741
23447
-4811
10296
-4389
15442
-13265
7891
-3371
-8299
943
-6251
798
4480
4670
376
1900
7332
3450
-13199
-364
2211
-6248
8398
-95
9367
-26662
33338
14087
-13910
141
-3397
-9279
9734
-13596
-12611
-10705
-1137
131
3112
-720
-5884
5803
11971
13169
-1512
-3484
-8174
3418
-4474
10487
-14135
10212
6217
4333
-1790
-7938
-308
13724
-8679
6223
-12560
-2011
10381
6351
-14458
13767
2143
2128
-5800
807
-2703
783
4509
3888
-1389
-10610
-814
2611
874
12865
5532
-13362
10508
-3745
-5273
-2919
8406
-8066
273
2185
16230
-7665
2239
-2106
-14493
12919
5862
2278
-9200
-382
-2600
433
9036
1157
-2691
-2602
2159
12195
-5196
6961
-12603
-7881
10363
2706
-15282
980
-3110
-2006
1892
2910
-6107
3205
10194
11051
4916
-13648
25914
5641
-6597
-5649
6692
-11763
5803
-9519
-8111
11803
8591
-1894
-6830
-436
1997
-4914
9427
-4731
17892
-14561
10564
-2703
-10907
7127
-854
-10419
8643
-2182
-7326
-9733
4559
-8331
4868
-1682
-210
-290
10896
9128
-9769
-16835
-1645
-4791
20451
-894
4268
-3265
7093
8014
16341
-15781
4221
-8961
-3224
9756
3147
-12455
10983
-233
1608
-14137
8635
-8485
-666
445
2932
-15574
22878
4849
-12296
14324
6709
263
-8921
549
1971
-5093
9164
-1863
-4270
-3672
9419
-3991
-2698
7161
616
-23302
22609
-612
3480
-2918
-499
-1395
-313
13069
-2052
-7766
4406
-2535
-2274
-5965
21750
-3711
0
-1388
8452
-16572
6534
-4687
2660
-12967
8296
11577
-10182
14540
-12002
-16641
16926
-1749
-10999
-2855
-2315
-13226
14642
-2134
4403
2702
5848
6566
65
-14716
-2527
-3907
-3207
4977
-14803
15962
8218
11488
20204
-22530
8897
-5320
-8876
6566
7494
-10103
7960
-1538
9642
-26017
7576
-7019
2255
6065
2033
-1921
5480
2974
234
-1187
4362
-9310
2394
7672
18894
-18911
7017
-6805
-5813
-12893
-1606
-1635
3547
1666
-5723
6347
6599
11630
-4114
-5349
12085
-10466
1361
3581
16589
-9664
2457
-5076
-7682
-8775
9590
-8111
1735
1035
19483
-9727
5692
-417
-8673
-6169
22677
188
-4573
-3020
4085
-5348
3171
-734
-2112
-10898
3193
3445
-3106
1963
-10354
14778
659
5480
-8171
-5303
-3318
-2733
2788
4112
-6806
4890
6304
13001
-8711
-5134
7899
2073
-2389
3698
-9396
-4188
16165
3091
3359
-8583
8969
-8564
442
4724
19204
-13820
5170
-7672
-9869
15565
9533
-1433
-9978
-1231
2347
-5467
9090
-4063
-9925
-3935
5069
-8238
7819
466
8616
-3829
5099
2708
-6958
10749
3632
-946
-1526
771
-5214
-1059
6441
-967
826
-16391
-9896
-4109
3948
2603
-14240
20343
4011
16568
-12260
11199
4942
-1238
-3031
455
-1807
2392
3657
1212
19634
-17473
6502
-6594
-9304
11948
3213
-1107
-1507
-3342
-8641
-8210
1100
-8202
6666
-3091
-1374
4987
5480
12815
-7395
-17618
-10408
-17003
23421
4390
4969
3142
9235
9407
-7175
5789
15409
2511
-12975
5894
-669
-7280
7568
-4416
341
-10577
-1630
18703
-12220
2719
-19373
13606
4125
6755
-14576
1001
5114
-633
1188
-2358
-1740
11841
1494
2097
6212
-21246
26090
9017
-3820
4140
8559
-22515
7181
-12506
-3633
-5750
5952
-2117
578
5279
14860
-14179
6395
-3731
-12827
-20
855
-8968
9625
236
-278
3489
6329
5367
-3618
492
6194
12872
-1381
2269
-4089
-12093
5724
-2153
-18812
12480
4978
4655
-7139
-567
159
-4798
10186
2444
-1555
-4083
6849
6876
-4578
5407
2019
-11300
9309
-4093
-3579
-3859
7471
7730
-6731
6081
-11367
-4655
12761
-52
-4015
-4653
2212
2748
-3570
5687
-6975
-7105
13740
4766
-2620
-6223
13885
-10916
-708
4285
23832
-18654
7139
-8217
20304
-17626
4703
-1377
-4705
12387
2790
-7010
-1204
-5614
-5449
-15027
-100
2727
-698
-3040
-13722
21685
3493
11806
-11613
12792
6163
810
-9020
820
-475
-1097
7681
-919
-9977
-2297
-6574
-4079
10130
4658
-2951
1020
6379
8685
6109
-8354
-181
-2583
2848
15412
-9281
-6114
8227
-1738
-513
-10470
3949
2361
-2231
9358
-7474
-3329
8433
3363
1008
-18057
1276
-11987
9982
6994
2553
-94
6798
5057
-11664
-6400
10529
-6496
5134
3019
16096
-11912
5835
-1228
1608
-4525
18138
-766
-3367
-2259
11345
-17036
7732
-7431
-16840
14567
2485
2984
-5704
-889
-1469
-108
4887
4770
-344
-13197
6024
5567
-800
346
-5790
11039
-2467
2948
-16609
14390
3326
2463
-6558
311
-375
-1346
6129
3178
-12550
-4949
9284
914
-347
5448
-4416
-6107
14433
651
-2797
-13341
5441
-19211
13909
2508
8276
-2370
7826
3225
-1672
-8545
-1523
-3552
3917
13144
3496
-10132
5782
2107
430
-15593
6664
-6345
12805
-3049
573
1810
-412
4433
-5762
-3297
19100
6727
-6432
-2732
5603
-6569
1418
-4922
6060
-21523
3480
-852
5429
-7313
6072
11033
-2880
1053
-5063
-5256
8007
-5902
416
3360
13485
-7134
3574
-2598
1419
-11092
-572
-2593
4794
11803
3989
-10853
7674
-664
-14852
14487
4173
1389
-8326
2656
1014
-3503
6727
1400
2110
-3148
3697
-4802
-1363
7654
3290
-7755
5686
-1608
-9453
-10573
3267
5338
-4774
-3572
-18504
22900
5814
11379
-2854
-2342
7011
-4575
-2283
1753
5091
-12673
10340
3779
-1790
-17486
-845
-1523
14981
-391
3268
3805
-398
2812
-10946
-8150
-5840
2218
3737
6105
-4278
4744
5068
11078
-2512
-11858
11158
-11336
3356
2393
14321
-6385
4250
-644
-4571
-6138
6180
13621
-6648
1397
-10862
-683
8091
1685
-19248
14312
5127
778
-4049
-1684
232
1279
5727
2317
-18568
13599
2287
4366
-4641
1335
-2513
-1856
5397
4825
-2954
-13195
2255
-2562
4177
-717
-3910
10007
24
9935
-2663
-18896
11097
2211
-7550
-1933
-12665
14644
9160
9350
16408
-31828
8665
-7123
-3204
3578
4358
-2168
8435
4535
-16081
13467
6492
1164
-6674
-2006
-1083
469
8408
660
-8581
-3243
2175
-7196
6648
-2757
-2326
3010
7177
8698
3772
-13844
8542
-3091
-5059
-2742
-1419
-12619
23918
5253
1723
-22335
-5291
-2418
2543
5953
-11312
13291
6049
14272
-14507
1265
-1578
-6179
-125
4170
-8260
10904
5917
11071
-4806
-9437
1460
-1027
-3504
721
-13415
16952
3584
12211
-1868
-6741
10087
-8093
2667
-8740
14854
265
6302
-6513
-10442
14239
7743
897
-11237
1814
2612
-8504
10497
-2302
1314
-13440
2939
4459
-3040
16711
-7234
-14267
11802
3049
-15742
-148
9963
7667
3786
3286
-6091
-2136
3884
-1102
17090
-23023
8457
-1005
-4153
9525
4406
-10537
6244
-2980
-3558
11853
10616
410
-12884
-420
2462
-12203
11352
-2607
-2135
-7184
10022
-311
-5816
-3421
-12977
11208
4693
9072
-5441
-6903
-69
-2481
-2831
10473
-9351
2954
7175
9639
-19640
15837
3659
2363
-6950
-1495
-258
-3320
10334
4210
24281
-15332
9863
-7773
-15314
9685
5700
-10562
6883
-6214
-12437
13056
6015
-953
-6677
-4077
-3546
661
9493
2569
4203
-15617
5398
-14384
248
10451
2034
-8406
15984
2746
-7860
-7890
3706
1718
2726
-156
-2417
3658
3214
7295
2353
-20631
20124
1886
-489
6762
1286
-14750
9165
-3497
724
-2767
1433
6667
-8114
5297
5214
-9407
8113
-2504
-5739
3978
3917
-5602
466
1587
5636
-5776
6873
854
-14688
-7801
-4935
-464
6269
3591
-4946
3748
6536
14570
-8365
-4062
10876
-8721
1315
1266
18782
-8668
3056
-2975
4845
-8450
0
-7825
623
13325
-1072
-4812
6503
-1197
-9625
-4907
2896
13390
-10990
3569
-15778
8772
8532
7033
-10487
-6021
-4527
-5756
12196
1358
-2825
3458
3362
12048
-10369
12429
7747
-1749
-4735
-117
-2898
-1418
7256
-1499
1799
-20960
-1331
-11285
12040
3691
3372
2666
7365
4111
-3802
-8399
9793
-14448
3653
-5024
24126
-15520
11533
529
-14060
7639
1367
-347
-3777
1982
486
-1086
8709
4095
-3417
-12434
2815
4085
-3193
-1577
-13246
17191
2891
8966
18253
-20815
6942
1895
-6452
12005
-2475
-5759
1253
-2082
3270
-8989
8025
-7460
-5460
-2597
-4134
-5998
19981
6990
15041
-22767
5870
-5599
90
5988
2673
-8876
8466
2136
348
-17085
2808
-8834
10106
3097
4958
1841
2051
4261
-10536
-5806
-8691
-10253
12105
395
4814
10074
1335
10646
-4800
-4355
-1217
10218
-3794
9173
-4693
-3946
6289
734
-1444
-8957
-3042
-1599
120
2273
-11645
15894
1710
9443
-11993
2707
4765
1133
-4205
1585
-6161
-1707
13174
3363
15472
-10000
5815
1915
-13612
4222
-9468
1721
5316
1719
3337
-7379
3610
-3826
-1460
5405
12147
-12342
6075
-1071
382
-22162
13707
4916
-8076
-4502
-9887
18277
1835
6754
-7336
-11545
195
-3264
3470
-3221
-5209
7119
9154
12075
17
-23969
6368
3306
-8757
1644
-19369
21764
7942
12557
-5523
-5950
-5223
-2061
7441
1863
-5996
6160
2006
11728
17503
-20459
6603
1970
-3774
5935
934
-11488
7791
-2337
-4426
-3388
5141
-458
-986
5390
1578
-15718
15222
285
-14597
-6047
949
-8015
14067
3860
1784
-5301
8308
7176
-12435
-2565
2294
1406
-4695
-485
-17332
19898
7614
8750
-5316
-4576
-6
-4112
9169
-2912
-107
4756
-427
7772
-5897
-2563
20381
1169
-11921
3952
-4063
-5318
7955
-1100
-5426
-6562
5404
7300
-5671
1340
-11692
2482
8734
5815
-1060
-12318
2978
18022
-6841
5991
-16136
-2043
10272
3804
-4727
-11665
2823
-12194
19411
-4
7149
-4440
5040
2395
-2250
-12997
12827
1000
-3077
-3864
-6547
8896
4292
3986
-1716
-13852
674
-6850
10970
2442
660
-397
4068
6279
-3754
-9503
4852
-1240
838
5176
-5181
-4825
13097
3231
-3520
-11152
6595
-3881
-1712
5840
-4086
-8835
19755
4232
-5509
-5360
4661
892
-3620
12387
454
-15825
13830
1696
1577
-20662
11562
2932
-11619
-1053
-13732
15525
7571
10341
186
-2402
8933
-3032
-1091
4734
2448
-17801
16202
-3541
-660
-8250
11250
-8152
-4351
5450
17830
-7056
1449
-4531
-7675
-1814
-19727
-3672
11327
5048
3587
9144
-2174
9747
-5109
-3025
1378
-7297
11003
-3450
942
1695
776
6469
901
-3321
2815
7477
-7913
4953
-10035
1084
6992
729
-3106
-18194
-7019
-4165
4416
-496
-7607
10391
8544
18261
-826
-2846
4315
-4839
-5334
9021
9565
-4909
3804
-3486
4312
-3872
10221
15259
-10410
-1147
-8432
8087
-6639
-3738
3274
3973
19856
6012
-13769
4227
3840
-24432
13474
-12722
-12657
12246
4523
-194
-8074
4333
2766
-6233
9315
-792
-2106
-5977
9121
-4425
-4199
1789
-1543
-6222
15439
1355
18316
-21123
8484
-10084
-9770
6720
994
-930
12532
-1835
685
-9411
-1969
-1259
-5324
15309
-14578
7100
9156
4948
563
-12158
2697
-13075
11618
-723
2219
1972
3697
6328
-5270
-1928
10097
1223
-8632
-2818
-6146
2857
11930
2436
1850
-10403
939
-16014
10179
-214
5204
-1497
6062
5983
-3494
-15632
11280
-3897
-1473
7047
437
-9108
13445
3870
2226
-2097
3665
-2269
-5417
17103
459
-14566
8172
-4814
-6837
-2093
5550
502
-2046
5849
-4088
-7439
12066
1531
-1881
-5678
-4427
8048
-9532
16877
-17811
1285
11998
4850
-4115
-5294
11668
-3430
6393
-4927
1110
-3362
1512
3952
-4749
-7587
-3954
-5266
4001
2134
-5020
5439
5847
12704
-195
5799
10437
2397
-12630
3644
-1715
-8958
10117
-4719
-7168
-2530
3927
-1779
1439
11136
6863
-12031
8067
-3665
-2114
-13349
6252
3649
-9247
1087
-10203
14762
4402
7015
-2008
-15067
-59
-23714
9757
-659
4267
-5
16857
12394
-5330
-927
7131
7814
-1990
5023
-12007
-6715
9725
1312
-5022
-9183
7299
-6258
8353
-4836
-626
4227
2800
5921
-12898
13113
3139
1157
-7514
1469
-1023
-849
5730
2775
-11544
-6063
7304
10638
-5489
-2133
-16891
19815
-572
6811
-11052
10673
6959
-1582
-4421
817
-69
834
4737
-1255
4167
-9367
11795
-3541
-8384
853
-3119
-16957
23960
3448
-3207
-7440
6367
-6598
2183
2150
15616
-5663
557
-370
-6813
1405
20652
3489
-9106
-385
-1804
-15600
13449
-2971
-12327
10831
6979
-1746
-3350
14
-130
619
5364
-928
13432
-14463
10883
-2678
-10376
11977
7791
-13088
7093
-8383
-11902
11217
6875
-819
-3041
-1150
-2775
1914
4163
716
-1388
-3325
-600
-5141
545
13301
-4495
-5430
7503
2272
85
-19881
-1029
-19226
19222
2710
8055
-236
7450
6337
1373
-3969
1320
-4819
303
16623
134
-8399
9097
-7343
-6430
-4036
185
-5413
5694
2849
-2312
2052
5851
5007
-1831
-18042
8733
-4875
16280
-14765
2156
4343
2401
5966
-8059
-12383
16
-10585
11631
-703
241
4662
7991
8564
-4280
4176
5910
2449
-7126
4800
-7999
-9834
15489
-538
22045
-18874
6557
-12071
-5384
2980
6294
3130
-42
-3518
-1798
-9385
11527
-11994
2770
4653
24321
-16231
5960
-7649
1238
-8384
500
632
-111
10986
9772
-12483
5603
-4721
-1597
-7758
8639
-6106
-1228
-82
15444
-9422
6626
-203
-3077
-17122
161
-7679
7094
-1986
-5063
7510
6658
15214
14564
-11838
5371
394
-7726
5181
-9820
-1490
3942
2842
-1115
-7022
9167
-11696
354
4523
21775
-18841
8982
-4831
-10502
-10545
-2971
-7935
12202
1248
-2197
7633
6449
8485
-11518
14008
7281
226
-10571
1478
1497
-3645
7174
-208
22046
-26224
6270
4359
-7989
8126
-7358
-9086
11615
780
14240
-9532
7281
4060
-13096
5620
-3647
-4489
12938
-9403
-6693
-6641
9103
774
-1332
-6454
-2516
9652
2805
3859
-4419
-5912
11713
-11416
-33
1844
20646
-8934
5439
-5799
1772
933
1203
10031
-7522
8193
-12263
-7102
9068
839
-8519
-613
7602
2041
-2107
2732
-4354
-5019
12211
-142
3254
-8088
5548
-7882
-1795
4246
13772
-5393
427
-896
-1026
-20869
796
6520
-4708
214
-13102
19745
4877
10308
-4257
-4223
-86
13198
-5129
6248
-8017
-3217
5591
4207
2139
9092
31320
6901
-26553
8265
-345
-29514
19661
-18158
90
-2904
7797
11488
-4131
4882
-5452
-12866
9019
-3990
-6463
-2633
-1634
1975
9654
-1443
-205
-5965
3813
6879
-4781
-6325
-11647
-8036
6345
729
-11253
16125
9560
12878
-2156
4231
27779
3842
-10136
1220
3749
-24142
9469
-11489
4682
-10570
14242
-11582
-6498
-5834
25864
-12662
8778
-4833
-2078
-2077
25639
6615
-15446
2913
-5889
-13103
9763
-4818
1153
-7456
11437
-5623
-6885
-2295
18101
-3869
8637
-10100
-23
3144
2273
-3250
-1515
9786
-1804
-3858
5934
-4815
-15305
4355
-10
-4476
-2458
1679
-8698
12173
6718
9294
-2177
-14929
135
-12055
12911
343
3852
4010
4764
5139
-8600
-1180
1990
-4028
4669
4054
-820
59
2598
5055
-6021
-4800
1799
555
-3475
1090
-8604
11242
2422
8716
709
-16116
-3824
3969
-3860
22201
-14391
-559
13581
1513
-4675
-6923
3995
-5347
348
-204
-9864
14781
2717
8863
-5220
8271
9524
10054
-7742
3617
-8819
-12007
11499
-5125
-2870
-14860
6051
-9440
5919
-5340
-6302
6112
2403
18236
-13151
-9673
-2935
-2920
14703
477
-744
941
5554
10544
-9469
-5838
-3862
-3644
3444
1675
-6556
5055
8616
13852
9894
-20737
5355
-9359
-7141
2966
-7490
-7952
28884
7837
-17962
15788
2900
3145
-7275
-19
-1830
-2744
8714
4496
-6490
-7604
11325
-9691
1918
-263
17231
-5176
3094
-2508
-12596
-5419
-6593
-3815
12677
2511
-2281
1359
8349
10512
-7255
-7371
-656
-6419
6845
3582
-1736
-1993
8142
11084
-8214
-6503
-2783
-3409
1913
2273
-10083
13600
4373
11346
-7306
-4875
-296
-4630
11288
2596
420
-2020
4400
4825
-14899
14827
1394
2329
-6226
509
-2186
874
4561
3943
-16640
14796
3822
3265
-6164
-2165
-2575
-3203
12004
2082
3096
-8604
-4596
-2412
38
11741
-10305
2568
7948
3297
2173
-3952
5572
20897
-16333
6551
-17955
-2977
7174
1054
17905
-14363
3217
-673
-5488
8446
-827
-8262
6005
-731
-5009
-10723
-3319
-8495
13079
1165
-192
-65
7650
8127
-2398
-452
6750
-628
-2021
5386
5991
-20846
16253
-4036
-2553
-6130
2085
940
-4973
-581
-13795
16423
1485
9721
-16091
4100
-1873
-3008
7435
822
-1553
270
7292
6881
438
-8703
11699
-6901
-2849
3434
12363
-6130
3510
-4998
-1507
-9606
8818
110
-6106
2278
-5871
-9086
18265
4689
-19064
2779
6283
6408
2087
-3734
2144
5231
854
-1228
11067
-13562
4157
-4206
-3877
5285
-2301
-2225
5147
2615
-3388
-16136
-6306
-7218
7694
-4951
-3439
9204
8394
17441
1564
-7566
-3640
-4661
2920
16940
-542
-10681
8622
552
-8550
10422
5506
728
-9999
3478
-748
-2348
5528
1462
-1661
-7219
7204
-7419
1765
2926
14263
-11772
7065
-1721
-3384
-8786
-277
-4381
4800
4738
-781
-1839
5824
7777
-5332
3499
2960
2543
-8784
3660
-8030
-4238
13816
3181
1725
587
11537
6416
-19783
11142
1536
-12165
6435
-4457
-6907
11907
10039
-917
-6206
-3261
-1603
-11313
14233
-2007
-7147
-8586
-779
-1199
3971
3566
-6650
2482
8487
8109
-9618
14033
16026
6209
-19547
-2625
6754
-15546
12993
-4214
-1168
-5547
6494
7493
-10070
3285
-4197
939
7261
-1272
-11392
-4582
395
-10206
12958
-4816
2666
2867
7002
8951
577
-2674
3626
10161
-7310
3162
-10493
4634
1801
638
-9935
14933
10334
300
-10134
-2026
1108
-7272
9332
-2036
-10106
8141
15164
1705
-10046
1392
-2507
-3871
6911
-2600
-1867
-8418
3296
-16927
11756
-1717
4284
486
7498
4483
-12959
12858
8573
24
-6501
-1343
-306
-2552
7938
-881
24427
-18886
15888
-1422
-15637
-3138
3227
2632
4940
-10667
-662
-13731
2203
-8738
12553
2672
2807
-1974
3128
3608
-1562
-1184
6780
813
-6497
3126
9659
-9373
4619
-2462
-6829
-3347
5426
9858
-5667
5164
-4977
-5923
8030
2528
-4255
-5686
11741
2315
-9683
487
-4145
-9045
17985
2121
2605
1531
3149
-129
-4474
10113
-186
-11889
8025
-3030
-1478
-9144
13021
-7061
1213
4885
21539
-17598
6014
-7984
-12387
11109
6777
-30
-3937
-3098
-5420
4024
4839
2729
32896
-37854
15889
-3111
-12576
5771
5501
-7732
8696
-6447
17511
-18478
5687
-4746
420
10511
7562
-13731
4571
-5316
3487
-22121
-6071
-4905
-1013
6257
-12660
17344
7940
13648
4117
-4347
18724
25733
-18673
11728
-9904
-20701
10222
-15213
-14684
11971
3285
1341
-4666
-400
-1172
1502
3871
3561
1238
-10291
4780
1212
-290
6843
-3944
-9857
9670
3624
-8420
-10833
-2085
-3316
4198
3590
-6657
4431
9121
13471
1982
5732
5683
7939
-14147
5494
2657
-4935
4245
-9639
14448
-20975
12318
-5080
-8513
7794
254
-6729
9957
436
18573
-22893
9607
-8898
-5564
2223
8257
-3942
4721
249
-10480
-4397
-10172
-11970
18189
1481
358
825
7748
11564
-7896
1447
9368
21228
-8427
-539
-1211
-11000
6082
-6837
-3124
-2548
19419
-1335
-10492
1721
-3509
-8225
10397
-869
6829
-4821
13596
17446
-15524
8568
-7105
-17578
10570
-9100
1480
-3089
220
9869
-6250
10789
-9989
-4545
6065
929
-17802
15538
6361
4179
-8885
-2139
-152
-3357
9350
1860
411
-13491
9231
-9972
3002
3538
14972
-2291
-1465
-1459
-2807
-18833
227
-11136
2113
5272
4612
-1260
14496
8215
-7644
-7089
7632
-1572
2016
2392
-55
-12887
16196
4072
-4649
-19461
-1877
-3518
15097
3015
-2009
2959
7495
5468
-12111
5388
1996
1798
-8885
10180
-3806
-4355
9940
4256
2550
-7856
4132
-5622
1695
6076
2043
-9787
9544
21
-784
-2348
4387
12428
-3269
4747
-12874
-1715
5409
-1336
-8168
-6734
2727
6228
-9388
9276
-15127
2681
20107
722
3286
602
1884
1561
-9831
13910
1815
-17979
10554
-3012
-246
11191
16499
5457
-18634
747
4361
-13887
9346
-10418
-11244
-10384
-3105
-9159
17957
-4320
3982
1737
5918
9610
-4265
-16423
-209
-3955
2641
2327
-4282
7712
8427
11033
-2844
575
5337
-835
-4582
2395
12342
-15966
9029
-1447
-5606
-1178
3418
1778
-10346
5863
-7682
-3324
16853
3129
-2204
6035
25527
9576
-19182
2778
15353
-33003
13736
-13179
-5366
-11748
8559
-12332
8702
-4367
18237
-3127
161
4025
-14239
-324
1535
-1046
-3964
3651
-12902
15424
4614
10478
-7702
-5066
3702
15920
393
5680
-11962
-4771
8900
-778
-11074
-6597
10254
-7783
3185
1874
17278
-5659
2921
-480
-9289
-5010
2531
-13386
7591
-3575
2802
672
10186
9854
-5121
-6472
10627
-11874
2978
-953
18113
-10610
5511
-644
347
6379
13085
2672
-12056
857
-2847
-13864
16359
-6277
-909
928
2277
9881
-2489
8379
-4454
-14839
9350
-3220
-4237
-4964
5973
-5120
532
4635
15939
-14201
7134
-1317
-4573
-14508
-1528
-8073
10145
-7716
-4055
9408
7524
14333
1569
3878
22591
14415
-16641
7170
-1527
-29967
18609
-17579
-13468
-1222
-3989
-683
4321
1974
-6129
5704
3560
13131
-8975
15625
10965
102
-10790
-2569
-161
-8344
10814
-2649
108
-10300
6388
-8681
1280
7110
20554
-20065
8634
-3715
1207
-3312
13646
1858
-6847
551
-1988
-2951
4416
-2816
6066
-451
680
1750
-5242
16631
-5730
-15468
10258
-3900
-10848
5150
21324
9789
-15804
2701
-3009
-10620
12521
-9153
3748
-11162
7176
4757
-5269
16154
7463
-23557
11260
-9278
32085
-17771
-3501
-13285
-10188
18170
2508
-6937
5448
-5761
-9194
-2207
15478
2621
3241
-271
1472
-12431
7064
-3559
-1218
-7102
3745
2424
-6968
9959
30
-8111
8294
2425
-952
-8604
24906
-3558
-11765
4809
-3998
-17414
16228
731
2315
-4999
-6093
-8092
7747
10828
1647
-3307
3551
-86
-8749
-4346
-2924
-6887
11639
4136
-1750
-1098
7068
7011
-2894
-8213
-12229
-3938
11838
-550
-4453
8711
2840
10948
-11815
470
1523
-7112
2783
3567
-3343
498
9634
6805
-13428
13987
7784
-1158
-4357
-30
1898
-5074
7605
-2543
-3630
-2243
3825
-7191
-1602
4869
-4495
184
13069
1011
-8496
-3058
2775
1556
624
1604
-7388
12141
-133
4480
-3791
9381
16633
2818
-13729
3158
6621
-15232
8174
-10320
4711
-14185
11598
-11552
-205
10518
1704
-6312
7171
-355
-9780
1693
6104
-12724
2776
304
5685
1593
6374
1464
-11014
10270
8197
-2515
-4885
-50
4492
-571
5045
-4157
-14014
-242
-4749
184
7502
135
-1768
4423
3488
9123
-2023
-2038
16965
-2169
-5671
-1665
-2162
-2581
7982
-3268
-6458
-713
2695
9804
-9195
5558
2034
-8983
8732
-337
826
-16117
1124
-7303
15306
-4249
1290
6887
-1589
4825
4622
-14492
7076
-5031
2126
6581
14400
-7403
207
-4231
2606
374
8023
-5084
-2028
12911
-2632
-8269
7344
-9014
-8336
-8233
952
-7257
11516
-2060
-633
3189
6523
6765
-8382
-4751
2469
7013
-3947
7750
1193
-1351
6440
-3593
12537
-20048
5805
-2924
-3189
5098
-1975
-3042
7991
1375
29339
-17368
-1486
-841
-7877
16050
-7337
-8607
7472
-6169
-13054
-9551
-1646
-4981
8043
-169
7650
4082
7301
4731
4465
-10872
4371
-3419
-1298
3163
17914
-17869
6623
-548
-1015
-6989
5215
-1997
-54
10112
90
-12246
8780
1243
-15165
-322
-1395
-6478
6790
-1280
-1042
2159
7172
12000
-21
-16589
3399
-15996
13222
1102
3873
2358
5826
6188
-2206
-10009
1898
-8954
13337
755
4809
-3452
4299
3015
-7100
-15577
6936
-8783
15127
-553
5642
-3652
3881
5768
-7993
-11474
3083
-7577
14799
-1802
6823
2813
1838
1761
-2129
-8855
7437
-8011
3026
-12192
13209
2406
4870
4452
-646
-9141
8418
-9555
-906
2513
4933
-9822
13773
2004
853
-14364
6767
-10413
2614
195
-830
4522
2040
10702
-12037
13896
7679
137
-11069
1498
1700
-4763
8534
28
-10383
-3477
-624
-12030
9665
-1925
7837
7925
-1784
7544
-1009
-4880
12006
3953
-1241
3391
-407
-9229
4454
-4091
22498
-23066
6683
-3160
-7258
11833
2000
-11925
6033
-1689
-2471
-5319
1519
184
2580
11689
-607
-3665
2569
-1637
-11646
-4942
3603
2122
4205
-5145
-6740
9388
-942
11965
28199
-30622
10488
-4454
-9675
6021
9914
-13845
9515
-2902
19640
-11487
-483
-10550
-5844
20756
-107
-11046
7961
-6379
-9468
10683
7025
1762
-10349
2116
-1186
-2515
7233
111
-220
-12283
-6936
-10918
6130
171
-6172
9859
6877
16652
-5834
-381
5843
12834
-7804
3447
964
-9686
4777
-753
-10705
1886
4387
-596
-6273
1723
-8300
9156
6609
6785
-3453
-29613
1601
-9502
18908
-1320
-1176
5295
9007
11243
3293
-10122
8394
-5129
388
6274
14475
-19885
10650
-5204
-5815
-17932
-6072
-33
5898
5777
-8932
7331
9053
13696
-6695
-1514
2195
-3866
-2659
2901
-6508
10151
2355
7662
-6542
-1362
4922
-3141
-333
4431
-4698
-6388
14830
748
-928
-2070
5104
5487
-12531
9218
-12374
-1950
11371
1518
305
-7851
7197
-8607
-319
6680
19595
-18744
8443
-4132
-2574
-6511
7101
-8423
2053
2190
12096
-3929
1587
189
-1607
-4385
8451
1176
-4251
-3372
-10132
14117
-2504
5504
-3180
-1892
23522
115
-3190
-955
7298
-23690
11232
-7135
35
-14067
2705
7503
-4581
2212
-11432
12682
2157
6081
-5024
11524
10485
-941
-11129
1210
2334
-7468
8431
-4874
-8023
515
-4048
-487
10737
-308
-2649
-1484
1346
8789
13140
-20296
9155
-1063
-2902
6862
2954
-7882
4175
-803
1904
-4412
5504
-3226
-2242
7443
13625
-14861
5366
-4848
-6769
-17879
-5763
11018
-4173
12361
-10795
6288
9026
9689
15536
-16940
11175
4352
-9578
4195
-6896
-4448
6987
-1563
-6591
8876
5464
42
-9792
4533
-498
-3357
5540
980
-863
-3254
1685
9732
-12661
6061
-10632
4068
6500
2510
-3277
2703
5936
3033
-9571
4571
-841
-7208
12847
-4874
-14530
12713
6278
650
-6102
-428
-673
408
6375
303
-5149
3358
5800
-189
-4623
3400
-1653
-488
3171
1938
-1904
-3570
6006
2606
-7649
5029
-5920
-10096
15131
3807
4964
-21517
2302
-13921
12321
5052
6003
-336
5278
1849
260
7209
9162
1322
-14340
8902
5053
-16910
10212
-6783
3815
-24892
3908
-6943
-1688
5209
-3051
5008
12842
8148
-15130
10907
5514
-1045
-1414
-1279
42
2067
5074
496
-11376
13172
6351
-176
-9865
3076
1451
-5192
7614
396
-5396
-7479
1065
-5085
11118
3242
1166
-2720
4910
3738
-2648
-5101
3426
2094
-5625
6084
-2413
-8378
12079
2603
4903
-15555
3446
3912
-9796
-2361
-10327
21591
3085
4160
-3582
-2536
150
-2363
2038
8969
2143
-3507
3696
-39
3646
-12841
5304
-1222
-8103
13282
5690
-16849
13124
1000
17752
-17454
3289
-13435
-1944
13507
10512
-3790
1011
-6857
23631
-24871
2835
-7258
-4450
17315
7010
-18838
10912
-4204
-10051
-3425
2468
2924
-2536
-1023
-9494
12798
3201
8066
-11551
-4604
-6410
-8611
8659
-1926
-2561
5419
7130
16050
-11490
11290
4750
930
-7571
1635
-1704
472
4636
1899
-10921
-13527
-5753
-1191
9560
-712
-7079
6439
9342
16076
-14493
12198
6137
1021
-7422
-362
-704
212
7583
559
-7071
-14510
4398
1431
-1535
-6184
-16724
24874
8979
9581
4390
-3091
8520
-9901
-5067
2908
-182
-6983
12753
729
3660
-1157
6440
19338
-18614
7627
-16082
-209
4239
-1989
7167
-3788
10945
-6076
-5810
4800
16564
-22240
6950
-5214
-1830
-12241
-1536
-9958
13529
12
336
3056
3317
7271
-1239
-8486
6574
-3179
-1278
-846
-3567
196
10635
3911
-10036
4174
18392
3061
-9201
2123
-285
-6366
9788
-7719
3224
-18461
13680
-6238
695
2001
21788
-24008
8837
-1923
-13987
-7062
8765
-1007
-1853
-4879
-2177
10025
6367
7942
-6220
-10551
-38
-1315
1977
2248
-4908
4839
6477
10478
-18626
-3878
-5385
-3262
8705
2653
-732
3472
6924
13180
3293
-22002
-2867
-14193
8181
-6618
248
7583
11470
15964
-97
6230
14089
2648
-8857
5514
4580
-19698
12738
-13544
3031
-11472
10964
-10326
2264
11443
18811
-18166
3120
-7029
-2678
-9771
-3515
-4093
5320
1940
-9330
8186
4096
13156
-1710
-1209
8544
13722
-10407
4357
-4721
-10781
8520
-3210
-13867
11561
3134
1409
-4487
-501
-1628
1462
4027
3583
448
-12669
3290
3235
-5699
2856
-11438
11699
2958
8029
-2694
-14157
-4078
-18569
20757
-7578
11900
6622
4016
5380
-12475
13638
7123
-1214
-4062
-2233
-4467
2687
5202
483
-409
-14172
10609
-10985
4676
3184
19960
-10623
1468
-2689
-561
-10748
14636
5696
-4684
-935
-1604
-1149
5296
-3130
11222
-12787
4352
-1964
-1830
4718
3534
-6261
5191
-1792
2665
-10342
11586
18143
-16436
4730
-6409
-9454
11049
-3944
-8208
-9220
-3041
-2133
3316
2993
-6821
6093
7252
12819
-11534
-9552
5893
2758
2908
-3747
-5295
-2106
15322
8080
3578
-9350
-4077
-6052
1106
18823
-10418
-4750
12689
2112
-11390
7823
20167
7226
-11263
-324
896
-8949
8991
-9466
-4877
-7887
-1797
-6430
793
1366
-9131
14430
5808
11010
22108
-13356
8116
-8779
-12837
8708
-335
-6883
9448
-3303
-8751
1920
-1368
-5716
2795
4215
-2922
6339
3272
4770
-8248
10985
8653
1613
-9286
358
-1594
-3397
7444
-1406
4122
-3820
12177
2115
-16923
9629
-6717
-11911
18095
-3742
3135
-12371
1958
-1960
-4778
16508
-3840
-11169
15804
-911
-8879
-17487
-937
-1662
12451
6149
2857
-3771
7470
5388
-6459
-5530
-4632
-3343
3486
2347
-6884
6068
5238
12398
9501
-6350
14948
-6993
-13006
-4577
20953
-16920
14451
-9284
1929
-7216
421
1981
-1236
9683
-539
-10537
8142
1004
-4483
-7847
5792
-935
-3383
4882
-2966
-10580
19032
3285
-10120
7456
19861
2728
-4654
-751
798
-14430
9267
-6866
-367
-2001
7508
-7776
-796
-3774
13883
-6880
6890
-2494
-3673
-8016
5387
-2869
909
2674
830
-4473
10616
1690
-10589
-5363
-318
-5298
10453
968
-4379
4323
7189
6255
8474
-22643
-340
-344
2561
12210
-2020
-10206
8368
4173
-7926
-5808
-2010
14930
-8702
5967
-7140
4530
4796
5111
3086
-6375
-3216
1345
-6110
14831
2575
-14150
10644
-608
-6647
4063
-3871
-2576
581
-275
-9601
13527
1465
7804
-5598
256
26054
7467
-10645
-5984
5239
-15536
6422
-5204
-2583
-10845
11908
-11634
3930
-846
19185
-6875
1217
-35
-13068
12608
5294
-951
-8567
3044
860
-2688
7391
1373
-5549
-8455
555
-5577
5959
18902
-5461
-13127
15413
-1008
-10293
-1206
56
-1775
3032
919
-2242
201
8271
7392
-5751
-14958
10785
6716
5652
-9010
-3401
10737
-3708
4234
20578
-26386
10255
-658
-6684
3329
5609
-7183
5513
-2960
-10944
11091
8562
255
-5624
-5176
-4063
-2665
10569
1599
2197
-15584
2815
773
1760
13590
-7007
-11133
10745
4016
5096
-18803
13587
-12415
1614
5541
23717
-14159
4002
-7685
-10584
-5697
-8337
-370
5258
3091
-10856
6186
9460
15207
-11204
-4975
1330
-3015
3604
-1339
-1808
4578
4062
11347
-11584
11010
3727
-1482
-5643
3537
1435
-3446
7146
440
-6706
12153
9945
-693
-8448
-298
-462
-5346
7942
-3308
-5057
-3737
790
-4362
3125
4125
-3797
-6039
12300
5000
-11293
1351
3329
1924
-2517
412
-6000
9441
1912
4796
3075
-9959
-630
-15438
4621
17065
3570
-6311
9245
-2398
-15778
4454
-975
-590
6747
-26
983
-380
4000
5964
1750
-8427
8895
1292
-5985
6206
-5107
-946
6142
-248
-3805
-927
1891
4168
-6498
3962
-648
4619
1686
-660
-13870
13178
3677
1064
-8205
1706
-572
-265
5765
2739
-2780
-19342
-11977
-1885
3813
520
-16732
27733
6882
14834
-2117
-9377
1176
-13046
5926
-2355
-4
4786
6140
11090
-1981
-11995
5301
-9444
9646
-1356
1793
2362
3799
4898
-2090
-5743
6262
-1127
-3423
4105
-6490
-6944
16373
2851
-16356
14415
5984
2109
-8007
465
1423
-3844
9589
-706
-4851
1929
25813
9117
-12579
-2865
-281
-14248
9467
-10168
-3089
245
4357
-2340
-9746
10145
4169
-12792
13683
-1287
-1677
-17651
-11045
-10806
21946
3549
982
78
5470
11053
-21174
6787
7018
192
-2236
3534
4920
-6725
12167
-1348
-9810
-8801
-3106
-12074
10023
2012
-2070
2664
9014
14544
13418
-14627
8670
-2745
-8347
5850
2797
-6738
6534
-1752
23856
-24330
11025
-6655
-11834
7151
8634
-11418
9252
-3795
-8459
-8022
-56
-2885
2340
-761
-6778
9212
6230
11926
-2719
1807
6587
9893
-7071
3241
-7269
-8860
6698
452
-3804
-16121
-2123
-8703
5883
-2582
-3388
7046
10217
14028
3780
9947
24071
5361
-20036
6509
8956
-32956
12000
-13383
16466
-15159
8770
-6777
-6791
6252
4603
-11771
9664
-789
-2020
-10721
-4025
-13616
15673
-777
1265
1505
6886
7105
-13791
-720
-3545
-2289
5427
1099
-4862
5032
5743
12157
3371
-1436
-400
4745
-5989
7884
-11289
-1805
5003
4514
23398
-29259
6321
1235
-5910
11994
-3820
-5861
5523
-2272
24658
-22257
16763
-537
-15623
4257
5736
-8874
3963
-7209
-9167
-10343
-6180
-1651
-2723
6880
-8874
18692
5942
9566
-4390
-8109
4135
13418
-5280
2228
-8973
-1716
6854
3995
-3140
-10342
-5868
-5132
7431
-1934
-7173
8013
8852
13249
-17595
-977
-5133
-2919
4999
3208
-4804
6940
8754
10619
-4351
-10786
-1258
-14930
18922
3989
4391
-1892
5176
3944
159
-465
20664
1359
-12980
-48
5594
-12859
5453
-4276
-4589
10649
6549
-551
-4186
1674
-3667
-7502
9714
-3249
-15702
-494
6084
9168
-5620
-4467
-10819
10911
8920
4929
-4803
-10241
7716
-293
-5610
191
-5878
10643
4085
6523
-4019
-20441
6586
-3930
20113
-9028
-1531
-967
2844
10807
-4000
-9151
10060
2335
-3981
3321
-9585
-4378
15532
2745
-6721
-17981
-12461
634
6304
3640
-12523
12203
9928
18793
13954
-10006
7918
-4028
-8052
6579
-2302
-8286
6597
1020
-34
-12880
-1499
-2377
-2494
3325
-11069
15687
3628
9726
-6855
11447
10256
2048
-9592
3818
-1560
-14130
13386
-5274
27048
-25482
1432
-10827
-10162
21710
-479
-2765
4877
-3777
-2656
-5695
382
-7950
4406
140
-2965
6878
3481
8120
-10856
-2288
1754
11061
-139
7507
-8572
-2027
5813
1705
-4549
-14621
4373
3818
-4515
56
-17125
19574
5639
9905
20075
-16985
3624
-10135
-6865
12734
8336
-13915
9016
-4283
3300
-4239
5201
16228
-12230
3692
-6289
-1474
3110
-4015
9659
-5637
13266
8520
-4985
14662
-4742
-24427
11471
-12918
-12266
-3123
-4106
-8395
13234
3186
-1434
788
9767
5219
-8844
10304
7561
-4105
-2478
341
-779
-818
7741
-4245
11102
-6120
4153
2367
-9308
7000
-6334
6692
-1559
-4729
-1887
-20761
-3578
-12659
15015
726
1906
2128
10846
12364
14708
-17008
7808
-1872
-9994
7425
-3052
-4201
6950
2648
-16118
14058
2367
3156
-5376
-1204
-2448
900
4790
4768
-10003
12069
8319
481
-8601
-687
-2164
-675
6176
-90
190
-11772
-11373
488
3506
10827
-5259
-562
6514
10453
-1181
-8883
-3901
-989
1580
12439
4775
-11720
8137
2341
-19369
2293
29
1703
-2458
-133
-11766
17999
6168
8187
5220
-14332
-3769
4471
-1629
19379
-7694
-15598
13420
2377
-2136
-2887
6802
22176
-10130
3579
-16101
-3235
3385
978
-3079
-585
2423
-1956
586
3780
-2131
-13578
15018
2620
-4792
-2596
4751
14979
-10267
9073
-12692
-7327
10817
605
-4760
-12713
6557
2291
-2213
12650
-6111
-11704
14024
3918
-1942
-22185
-840
-12357
8855
-6459
-1832
7727
12467
17711
-3915
-7777
6344
-4354
5375
10952
371
-8069
7186
-1238
-594
-1698
161
-6773
-656
21080
1583
-13054
10796
-8127
-1381
-15704
-3716
-3618
-1705
2918
-14383
19838
5967
13052
25099
-19881
10142
-5558
-12366
4308
2856
-7725
9448
-3454
-239
-4623
7624
-635
-1652
11183
-3219
-13615
8505
-819
-5543
-465
6281
8348
-5576
5116
2779
-13497
7722
-1878
25698
-19729
6935
-1983
-8473
2679
611
-6676
4852
-966
-10525
-4337
7851
-4920
6562
4386
9602
-4716
2033
-2441
-9040
-8997
-973
-7466
5584
1152
871
2129
8786
10173
-2126
-1190
5438
23181
-10191
4037
-18216
-9997
8572
3390
12347
-15333
11704
6119
-12992
5823
-5180
-705
1707
-1241
-19140
14465
3825
2449
-5658
2625
-1043
-3917
8272
2452
436
-18807
2896
5443
-9809
649
-20871
25359
5135
11151
-9285
13125
10519
-849
-8881
-749
794
-4881
7858
-2722
-12727
-5081
2964
-8643
8248
-3358
-28
4505
3664
12713
-6581
4152
6612
3799
-4223
2818
-6769
-4638
7033
1409
810
-15423
3487
4508
-5229
875
-13250
16382
2045
8088
6768
-15778
27314
2965
-1218
-786
2902
-11481
1985
-11829
1051
-15101
8270
3280
-5081
1282
-16807
18772
2308
5177
-515
-10099
11028
-9862
-150
5062
21311
-9655
2001
-6522
-6258
1490
1955
10925
-8331
2571
-1432
-4958
6900
947
-2775
-11083
-3159
341
3075
9728
-6358
-1849
10191
5593
-1789
-15326
4109
4854
-6211
107
-15958
18032
3232
12254
14947
-23017
8837
-12057
-2223
1096
19780
-2157
2082
-3567
1682
-7541
8148
-10917
-83
4223
19811
-13018
3461
-3879
227
-4624
11598
-207
2623
3775
7761
-12795
1170
-7837
3470
-7012
25437
5532
-13991
-638
2481
-16262
9828
-8551
-978
997
11058
11906
-14057
4143
-4210
-15106
12110
-3304
-8140
940
27015
5993
-14636
-5101
14868
-16036
9612
-10737
189
-9112
-1150
2337
-4012
11060
4411
-8379
7365
8
9527
-26225
7834
5069
-5437
8487
-3348
-7090
11651
408
21074
-14066
8780
-9611
-11078
-2086
7226
3295
2110
-2992
21766
-20225
8175
-149
-11623
4967
-5765
-2530
7331
877
669
-6169
11410
-9634
-2413
5834
17755
-14320
8312
-7907
-1825
-8562
13852
8642
-11622
17223
7060
-23431
10632
-10337
-10193
-4654
2872
-2190
4366
4002
50
3569
1304
4196
64
-7709
-3691
1869
1778
16771
-9881
-8090
8641
3638
-7586
11772
8900
914
-10021
1769
1752
-10416
10816
-2633
474
-4548
6884
7089
-6565
6132
-8674
-8508
9947
2388
-2399
3081
6112
12412
-6806
3034
-9969
-9589
9921
-1722
14812
-14687
7105
-6795
-7650
7718
6671
-7782
6977
-2637
-4772
-19822
-1970
-6405
5475
4457
-4106
2349
11551
14207
-11226
3129
10309
5900
-4647
-952
-1386
-22
5934
-3456
-10159
14352
10912
-611
-11040
460
6777
-10646
8921
-4460
8431
-19559
10284
-5699
3516
3204
3548
5430
-1978
-4625
-10946
11594
6369
820
-6636
954
-1309
-257
5353
-588
-12409
12673
3435
1988
-6842
811
-943
-161
4455
2042
-82
1723
2148
6624
-12945
5600
-4368
-3112
9253
-1710
-1238
558
5940
15606
-4716
10363
-6662
-21148
14562
-9076
-7200
-658
2108
4475
-992
1074
-5188
1970
3308
5397
-4069
-17096
-4448
-1751
5772
1743
-8959
9440
7477
15465
-3727
-8796
5949
-12023
15889
2772
8253
-10471
7335
-719
-11685
629
-2677
-3348
3446
3289
-3419
3636
5168
9301
-7774
11874
7682
-1424
-5957
727
-1123
-2634
5603
-1917
1911
-2641
3274
1875
-7777
8972
-11368
-5136
13419
1043
-16531
11755
4534
1689
-6487
2422
-254
-4216
9843
2318
-5707
4174
5360
-724
-8112
-526
-9082
8287
3381
7075
-11938
12596
7255
559
-9680
279
26
-2017
8116
-86
-9740
-15912
-1776
-1785
17956
3000
1279
-1443
5134
5340
-9338
-10907
-804
-5181
16712
-3105
19
2630
3636
7534
-7797
1319
17034
14259
-14047
1626
4070
-13673
9873
-9815
-2078
-6347
16990
241
1250
3544
7638
-18545
7192
-6403
-5062
-3352
6558
11288
-7052
5608
-10420
-7574
11889
1227
-9146
-3318
-108
-6076
3100
-1246
-2400
6533
4927
11223
-10817
13924
7416
-3361
-4136
-1372
-2166
-2236
9670
-2623
21640
-18644
11013
-79
-11745
11256
-6040
-8029
10885
-8162
-10903
-14396
1997
-2008
4009
2116
-2999
3305
6139
14168
-15238
15400
5037
2097
-8805
2312
1818
-7741
10955
-576
-2167
-6003
2826
9248
-1136
7159
-4642
-5166
4878
-1669
1704
-8107
-4068
2527
-13705
16041
-19288
6306
13269
8005
20006
-20657
6084
-16727
-5626
15214
9469
-485
2486
-7402
-10405
-12765
711
-5360
16534
-6659
1943
-2124
6682
12677
-2832
-2174
5566
-965
-3359
5766
-3052
-5564
8687
2136
22151
-17148
3684
-4493
-3494
12603
1482
-3886
-2243
-5350
-8351
-7083
-2201
-9904
16356
-536
2589
-1882
5253
7635
4098
-13092
2046
-6881
3105
16074
177
-6137
5562
-2018
26148
-26362
8793
-2302
-13661
8036
-436
-4282
6157
-480
3988
-3168
1811
15853
-9919
8362
-9197
-6580
4179
-1747
10865
-11832
8229
-6630
-3331
13491
15990
-17034
2741
-8899
-8708
-4476
362
-3084
5699
-726
-2184
6576
2822
7078
12027
-14668
2683
-7521
6263
1719
532
5999
-3310
1526
2503
8794
20717
11031
-25939
5181
5295
-23897
14075
-14586
-16409
4742
16113
4638
-7318
-1271
2987
-11793
9906
1462
-12607
14072
6016
3120
-10233
2767
678
-5822
7649
-550
-1694
3140
9375
13356
-14146
8149
3228
-12637
6230
-12045
320
-20240
3726
-7923
3383
-182
-3223
7178
8215
11754
-6371
-5139
5680
-11203
6941
-2890
-1568
2771
5754
8765
-5053
-9596
1255
-11023
16228
-3920
6994
5004
71
3861
4171
-10632
-1836
-2471
-3069
18437
-5011
-287
3665
540
-17354
13495
4962
1753
-6543
-1124
-382
896
6604
2267
-5549
-14950
3643
4565
-724
12818
-9083
-1682
8843
6321
-4889
5758
18694
303
-4452
1190
6905
-20528
8918
-9201
-1899
2472
8524
10815
-9917
4373
-811
-11750
5298
-2401
4822
-21011
8330
-12559
6762
150
16813
-4952
1346
2055
16690
-13262
8724
-3054
-10390
703
-188
-1971
4035
1431
7586
-9716
11471
-11289
-2547
-6353
21607
-8471
3945
-4434
-7555
-4815
-1384
-3750
10942
2316
-1148
-2814
5004
6669
645
3783
6237
2990
-8830
6814
-9235
-11265
13870
-1259
-585
-6946
5417
538
-7068
9392
88
-7225
8444
2130
-3443
-8303
10011
-14501
1711
-4732
18979
-3783
5520
1769
-11103
-2244
-2412
-3594
10556
796
-1724
1094
4100
7850
-5541
446
2419
-2087
-839
2120
-607
-100
8091
1715
-1416
-6855
8319
47
-947
13968
5464
-21588
10840
-4770
-4782
-9362
-2377
-7739
14529
2011
343
3927
789
6660
-1982
-13110
-229
-5710
9422
2887
-1299
4052
3585
4272
-5428
-14409
-3015
-2294
1445
-369
-3277
8577
7269
14179
-15253
10794
7268
-610
-3196
-1428
784
2171
4536
-181
18610
-6174
3464
-819
-13814
15618
-10664
-2809
6912
-7409
9572
-12217
4359
-2439
-2499
6042
-1827
-3195
3537
1561
-3610
4181
855
-7769
757
3546
16079
-12733
6891
-3108
-13651
12444
3931
1895
-8281
1520
-1233
-1362
6938
2439
8346
-14298
-3713
-3882
2649
5727
2790
-3700
4602
5569
1566
-16281
1939
-10894
14619
3983
5094
-3393
3691
1572
6867
-9649
14080
-15922
-3369
-3902
20427
-10672
8332
-3730
3285
-9682
15660
-11598
-1557
-11144
24698
-8957
8720
-7696
5424
-19707
2954
-11745
12314
-3416
1514
4385
1082
8890
-12710
13962
8163
-2414
-4154
-2271
-1209
893
4803
-691
26052
-34115
3918
-2726
-2872
8951
-7615
-294
4675
5446
-11002
13164
7885
-1756
-4764
110
-151
-1552
5227
-1871
-959
808
6214
501
-1931
8247
-4085
-17200
17550
-5024
1304
-8981
10077
2069
-1919
5435
1770
-20895
17732
-3920
-7915
-234
2403
2919
-5257
1033
-10963
11086
2821
8114
-9393
14849
6827
598
-3773
-3595
-6029
-3929
11599
-2839
-10455
12397
8183
-2845
-3585
-1940
-1591
-349
6690
-1970
-10209
7273
6457
2932
-11790
-2793
-15986
13339
6676
7781
16509
-19489
5843
-2170
-6605
6805
-3982
-3688
7006
2521
-8688
5614
7915
7728
-3265
614
-4662
-7117
8011
-1720
-5434
2392
2314
-183
-4167
-4375
-15689
18113
3714
6686
3583
-727
7197
-5185
-3083
3309
3134
-9264
5476
-432
-14400
10984
13610
6885
-9647
-4177
-3857
-5491
13665
-3508
-7925
-7846
1400
-2816
2155
125
-4070
5130
6689
10002
-245
-11796
-89
-633
-8167
4507
-13997
19705
3528
10139
-17901
-2208
-472
-8687
7261
-3861
3818
3691
9302
12724
-19103
16553
4805
3182
-7911
-1738
1265
-2889
8753
2277
-11233
-11169
-9125
-7905
6740
7471
-5844
2579
14108
17055
-3
-14111
7141
-13616
9037
277
2090
841
7010
4203
-9975
1572
1757
-4873
8303
370
1895
-4198
8315
1753
-5526
-9623
-867
-1225
3056
-150
-5975
5914
4761
12325
-686
-4217
2809
-1978
-3515
1216
-14223
13689
3297
6704
-14311
12323
3228
-372
-7105
2093
241
-130
6893
2402
-14151
464
5641
-4922
5117
2408
-2190
2479
6168
2898
3665
-404
3294
9276
-15459
10926
-17798
-2652
8961
3194
45
-5073
7634
-4911
-1675
8507
13112
-15980
7652
-4923
-634
-7064
3625
-278
982
2958
-5495
-3867
8926
4011
9122
-8179
8123
11454
-16853
2672
-10584
1818
5258
-589
-17954
11915
5880
1610
-5286
3735
3315
-8463
10819
-850
-10402
5431
5639
-3931
-3699
5537
-317
-4280
11328
-2226
-5926
-8173
544
-13097
18664
1791
6716
-3644
4083
2288
-2078
-4583
29
3014
-5652
17500
-9663
-7116
12074
456
24800
-17973
3317
2018
-8482
11457
152
-13558
7040
-3682
-3882
-18753
8599
2810
-3736
2705
-2088
-4921
15840
5671
-841
-14260
2271
-9150
5180
676
-3235
6273
3965
11995
-7337
2525
16757
1312
-9427
3214
-3389
-6896
14470
-6353
-2903
-3494
7995
24901
-17858
1919
-16044
1700
5452
-536
14499
-22911
8253
-5725
-4448
7605
8631
-7500
7082
-1667
-11333
-3782
-4370
-966
4934
2730
-7987
4977
7469
13181
-9608
-4258
7231
12101
781
2421
-6234
-3759
7086
-1397
-193
-8325
16631
-3509
-1951
4561
7096
-12254
7139
-6729
1712
-5783
-11233
-6200
3584
758
-3097
6334
3396
14834
4684
-5517
6804
18143
-14827
9054
-5424
-7980
6417
-8658
6327
-8384
5131
13218
-10568
6934
-7757
-7837
9284
-3389
24335
-13989
8895
-3249
-15791
18232
4963
-16721
7898
-12741
-1052
-19429
-4213
-7535
7612
-281
-5155
6553
9064
15391
-13896
5001
-5761
408
-612
1476
-8044
9047
5416
10490
-8473
-8176
902
-5799
12726
1628
1641
-3480
7531
4305
464
-7437
9638
-8776
968
6891
17383
-10353
1300
-7356
668
-12680
4591
-3487
587
7869
3339
-9747
9375
2669
-5618
-10650
-667
-12627
13463
702
5804
-2584
7205
5966
33320
-25483
6945
-12039
-7331
12150
7072
-7509
2916
-8014
-452
-9766
-1898
-4925
2647
2787
-4052
7178
444
10471
-1155
-12188
20025
9129
-13367
336
-5404
-5747
7644
1700
-10698
12792
6611
2526
-12025
1622
-3917
-1276
8141
1693
-3360
-13915
2789
-3501
4489
4590
-3016
3600
4085
6984
755
-4493
13941
-1762
-8296
4425
612
-5528
6220
-3626
-12178
12575
7026
-1500
-3314
-893
-1332
554
5238
-1016
-17301
15708
2917
1763
-5290
279
-1480
-65
4960
3618
1543
-25683
7261
2300
-582
7608
-9235
1438
12499
5503
-7913
-5380
-4147
-6862
11302
2541
-2700
493
7335
9026
-2307
634
5174
-6801
1623
10334
-1016
-4355
5460
-2835
-9992
-6556
4572
-1663
9994
694
514
-1639
1857
4302
-7716
-4579
-848
-7848
12834
-4723
4633
1102
3725
6922
-440
2536
6707
2678
-5168
899
396
-1704
1343
-4056
-95
-11927
-4038
2773
-1766
15864
-5645
-6321
10558
3459
4747
-10869
4014
-4333
-2157
7098
14563
-10676
4555
-3048
-262
-16534
-4441
-3897
-100
5520
-13224
17336
5606
13233
-2978
-11267
1551
-10927
12027
-80
5358
-1820
6374
4403
-2840
-5733
960
-5036
8267
272
2409
-3524
4108
5221
-6481
-20935
1871
-6988
17054
-5098
1378
5253
6644
7903
-3792
-10998
-2171
-10803
17031
4333
1739
490
2391
5203
-11087
-18674
-5887
1476
-4896
-2399
-19412
31132
12204
18962
-2884
-7562
297
16136
-10311
10406
-17736
2048
8196
4748
-2539
-13136
-3089
-3371
1028
2336
-9972
15591
2050
13620
30237
-23675
9870
31
-15488
21980
-7574
-21965
18617
-10315
-5317
187
4704
-5217
-410
2069
10237
-3715
3203
-1236
-11076
-3502
-8790
-8232
11798
-3526
-989
6911
6260
14505
-1705
-8594
5640
-2710
-1827
2525
17627
-15979
8733
-374
19775
-20999
6924
-4641
-5503
4932
2653
-8088
6835
313
1385
-24588
-4368
-1829
-5461
3448
-19897
27522
8145
16192
-256
-12290
2910
4642
-7516
4169
-12398
15130
616
7847
4931
-24817
21101
-2436
-2230
444
-2596
-956
5537
2901
1184
-10143
3556
1419
-6633
3609
-3486
-10494
17560
5805
-13034
14118
8871
1108
-9154
-1269
-466
-3042
8447
-655
-3538
-16094
3204
-10121
17878
4098
2037
640
2080
3884
-9810
-2247
2727
-7039
7400
-2073
486
953
6905
5913
-17016
16033
5075
4598
-10220
43
-316
-3542
8450
2470
-1027
-1288
9267
-4228
-9934
-816
-3287
-8238
19429
4441
-4439
5931
21117
2919
-17440
1578
-9587
-11616
14238
-1656
-10187
-3434
5500
-3205
9943
-2644
5336
-3528
2458
3842
-1070
-4391
9553
-2306
-4098
4155
14138
-12322
4402
-4409
-4626
-17052
1835
-6475
2791
1191
-1608
3389
10695
12054
950
-1484
4127
955
-7509
3320
-4100
-10045
13812
3093
-4080
-10350
2888
148
-3585
-2860
-14349
20528
4970
9541
-2910
-16753
-5469
-9782
11513
-8505
-3207
11032
5526
19662
-1591
-8732
153
17452
-5813
6094
-16727
-2129
8517
5995
-8171
-8532
2264
1634
3302
8925
-789
-7614
7812
4546
3092
-22830
5464
-4633
7118
1926
12282
-14251
10908
1587
-2681
-5068
13266
10611
-6637
4287
-12795
-13798
17712
-2474
-16147
13119
4933
1504
-4718
-848
-378
31
5720
1483
3168
-6775
5418
13367
-14092
5149
-17497
4518
6748
3060
-9991
13731
7855
-937
-5677
-1249
-2126
-3638
9026
-2149
2421
-9480
5237
-7555
7874
3100
4872
-2648
306
-1193
-2928
-20683
-2501
-488
4323
4525
-4805
5052
7391
11291
-11653
11554
4924
-238
-10406
3957
2060
-4900
9363
267
-11433
11096
5034
-492
-5824
4177
1286
-3870
6332
-1207
-12989
10852
6268
610
-3287
-843
-3029
2460
3927
1471
4899
-11792
2639
-2473
-11405
9142
-2842
-1967
15047
1727
-16199
14048
4560
2506
-7411
323
-231
-4437
9757
1592
376
-932
-1094
10938
-7570
6925
-9700
-5486
11135
-1934
-3668
7796
5413
1169
-9500
-239
-10162
262
9878
2600
2180
-8395
-9774
2304
-3286
16220
-8466
-1129
8133
4420
895
-8961
-26
13455
-2399
12316
-18157
-7748
10515
4567
-10406
7602
12811
-1296
-6882
-2149
2050
-4512
11645
-5032
-2965
-6954
896
-3631
1309
7213
-2243
-9444
15105
4528
1986
-9366
24240
8111
-3307
3520
4001
-20528
8080
-13729
-13894
8760
15460
2802
-8827
-3384
4139
-2366
1744
-382
2770
-582
1034
-6607
-575
8058
-3659
2731
4371
-1347
-19205
13241
4468
651
-3580
5912
985
-9421
11064
481
-8898
15062
10496
-1068
-10155
-927
-516
-4600
7627
-2704
-10222
1984
8827
-16644
-2509
-2749
8637
-6666
17848
4081
-4288
11143
19163
7781
-19501
-927
4009
-18107
14453
-9434
19147
-12950
7748
498
-12841
14356
-5658
-11321
9973
-5570
76
-15530
31684
7405
-8407
-159
-11141
-16839
11112
1625
-1847
-16821
-7643
-1
-3426
1447
-15841
27045
5042
13567
4678
-6145
10923
3613
-6744
3191
7345
-8739
6577
-11120
-10169
12251
21247
-528
-9949
-5033
12688
-16008
9765
-9919
26509
-16429
12337
-4608
-17171
917
6370
-1850
4486
-8336
-6496
-5028
1410
-9027
7387
-470
-1312
4949
3495
9570
-9835
-3403
-2712
-9873
10746
2639
1319
-2306
9283
7828
-1909
-15074
959
-9480
6991
-2094
-169
3366
7309
11962
13790
-12232
14872
2949
-10301
462
-2380
-3492
4621
-5022
-1608
-2239
8966
12487
-1730
2688
-709
-15875
8156
-6136
-2881
-19634
409
-8036
4815
-4129
-2037
9431
8059
15806
-11097
-5237
15986
-4134
-1482
4172
21044
-16038
5769
-5467
-18417
385
3137
-102
-2666
7441
-3001
-4620
16132
4878
-13738
211
8921
12260
-4681
3033
-6439
-8438
10578
1180
24115
-28372
12068
3734
-15719
7784
3765
-8765
9169
-6287
2925
-7232
1048
-6252
-675
15135
911
-13129
9415
67
18148
-25679
18576
-10172
-5672
-247
26435
-5960
-428
-13332
-4860
-11959
898
-7840
12786
-1383
688
2249
6842
5571
889
-8694
7255
-6931
-798
7227
22936
-26330
10756
-3996
-3610
-3102
3225
-1629
-4832
472
-10108
14247
794
8456
-11596
11829
7340
2045
-9353
1149
-1855
-137
5284
991
-9516
13267
7106
1933
-11517
4609
5236
-13830
12997
-5040
-9136
13503
8355
-583
-6315
-2583
-5016
-676
8415
-1666
-7382
-13519
-2166
-5200
16950
-7896
5620
9656
-1174
6469
-10865
16688
7910
-943
-6296
-2786
-2933
-3986
9279
-1961
-14570
-1480
3442
6242
-4632
-2488
-14487
15174
6117
9114
5652
-15227
17423
6102
-4158
-1602
5086
-11015
4447
-4514
28299
-15848
4791
-5097
-15677
10979
2456
-3682
2425
-7233
-9270
-5037
-1936
-1862
4130
220
-6376
7853
4477
11326
-12992
14562
8229
-1795
-3331
-3236
-2779
-172
6114
-564
-4356
-4726
-128
4309
-3736
6720
-8161
-4788
12944
6075
-7519
-14010
-4751
-15649
20941
-1624
6611
3701
6260
7745
2856
-9883
12342
-3284
-1613
7025
13527
-8444
695
-10659
16518
-14996
8086
-4684
-7758
4725
4361
-9901
9624
-3062
25550
-16951
14251
-6413
-18939
6813
2468
-9038
11041
-7404
-5515
-1039
12956
-8398
-819
-814
18773
-7976
4769
-7927
-8341
9455
6037
1473
-7621
1665
-2611
481
3709
1523
-17045
13188
5579
4353
-8400
-2685
-2520
-2965
11528
3498
466
-10323
-6539
5304
-9405
15571
-15372
3488
11463
7227
8543
-16782
14528
-6669
-3682
6370
9762
-30884
26153
-6023
14076
-11008
6601
-954
-7173
2915
5617
-16739
17769
-6103
-7233
-5383
-11570
-6101
107
2594
-14469
22902
6382
15566
525
-18720
2593
-9638
3156
-233
2805
5646
6321
10314
-6330
-9326
11915
-8942
901
-3501
13846
-3366
8657
-1405
-722
-10652
10339
-13861
4185
2609
17935
-6739
1847
-3620
-3181
-16235
-6037
-8875
21423
-5854
7836
-1390
4306
9872
4961
-5477
6980
4751
-7531
8985
5540
-6504
-509
-6724
-12191
12821
5386
1542
-11476
1991
-606
-4539
11025
1079
-4087
-13453
-3195
-5426
11102
5886
-2421
1848
6099
7281
-8107
-12494
-518
-1247
3331
198
-8027
8439
7624
13284
-2211
1732
6070
7579
-3744
4968
-4991
-10072
7422
-1856
-10928
13285
9336
1464
-10165
-1619
-947
-2597
7999
-1125
-8822
12952
8894
1195
-11035
741
1441
-7255
9702
-2629
-4792
-2349
-2273
-1883
-1042
3445
-7837
10439
1195
9225
15911
-21676
7492
-3403
-5286
7193
1875
-5912
7065
-1712
-2008
2354
8762
7725
-10688
5909
-12790
1872
3610
-1218
30273
-33395
8130
-12259
-5945
17324
11851
-14451
8427
-9025
-6949
8289
7787
1911
-12087
1732
-3874
-10584
18001
-50
-8388
-10385
3426
-5566
-950
-2012
-2309
-1718
18880
10788
-4089
3496
22525
2221
-8355
-2138
-61
-16833
12493
-7621
-12463
325
-2448
-3920
3967
746
-4529
3378
5202
12473
1265
-9999
-3757
-4134
3416
10358
5972
-10353
7492
2608
-355
-1125
5517
5095
-8180
1380
-8244
-9726
15378
4501
13560
-18087
25414
989
-19951
11745
-1155
-12503
9442
-8656
-22
-6583
12168
-13298
-1523
-5894
18526
-6652
5927
-568
-13616
14910
5083
2651
-9752
1012
-1127
-1650
6946
1031
-6610
-2625
3075
1232
-153
1620
-4080
9073
-283
2838
-13594
-1950
9500
-3349
2121
4997
16785
-14254
7170
-3915
-4748
712
10795
-2570
-483
-1070
16458
-10691
4731
-8737
1651
-13448
5368
-3556
1489
7869
-4003
-3899
9422
2255
-4041
1613
6189
6379
-11184
4608
5838
-10522
8325
-2905
-7577
16409
8077
-1638
-7028
-1651
-961
-8995
11221
-3714
-1823
-8303
5014
-2784
-2228
5674
-5373
-7758
17582
3501
-3411
-3458
1849
8700
-3832
6208
628
-7276
5417
-637
-4194
-7293
9546
-2405
2482
12182
5050
-27577
24041
-8697
-12795
-4894
6096
-1989
4338
3594
2098
-5230
12149
769
674
-3268
6610
5803
-10289
9041
-871
-11435
8494
-1725
-9780
-2805
-2762
816
2778
3466
-7868
4220
4162
11794
11885
-25199
8775
-7579
-730
674
16872
-3274
3956
-2249
-2515
-10133
11004
-9023
212
6470
16447
-19506
12347
-4200
-9343
14130
9661
-664
-7977
-751
-411
-5544
8909
-3379
-6047
-8459
1479
-5073
4177
-2323
-1103
4891
3369
11607
-14497
3290
2980
6997
-5144
897
-7443
1668
8765
5653
3680
-3659
4736
-744
-5559
11014
-6443
-9194
10649
-360
5691
-14918
33389
8745
-11115
-3915
10675
-22852
9102
-13475
14551
-14012
6118
-5774
-5758
7439
3421
-9938
6526
616
670
-15427
3475
-7562
2051
147
2331
5173
2932
8530
1844
-7503
5524
-4733
1166
6751
14895
-13647
5334
-5641
35850
-38937
14474
-2101
-13102
11623
874
-12545
9055
-4564
-9171
-12243
12143
-13267
7198
-1324
14782
-4166
5174
2448
-2687
-2061
-1841
10629
-8703
8344
-5609
-5096
7764
3029
-4234
-3348
8372
-2536
-34
2662
-5342
-11039
17038
1837
27918
-18900
8521
1825
-16813
12093
-6321
-8715
5747
-4224
-3839
3480
3357
-1982
-4485
1966
-8179
7806
1246
4612
-453
-9053
-652
-3150
-922
1346
-12500
16260
2857
10618
-12721
13754
2058
2392
-6973
1406
-1390
-1791
5498
2996
-8675
10236
4597
-19
-8257
4854
525
-5343
7835
-97
-6766
-7787
6337
-373
-7594
1551
-15062
15522
8525
8753
-6832
-16193
2049
2176
13352
-5385
-5362
8008
2677
7290
-9235
-549
7421
270
-7995
1000
-1727
-5665
16448
3080
-14925
11370
5113
2556
-6788
-535
-3822
2204
5178
4169
30187
-27664
-1564
1995
-9814
14027
-6876
-4877
10021
-3711
-1249
-12265
6860
7102
-7340
-963
-15357
15023
4862
6586
-7708
-22473
6022
-8931
14596
60
3661
5099
5602
6202
-7051
-9376
11229
-12924
4671
1088
14312
-6126
6017
350
-6490
-11902
9844
-8902
2763
-8493
21144
-2162
5559
2193
14884
-19037
9004
-1742
-6714
5431
2597
-5717
7068
-3058
-9154
-8625
-2148
-672
13940
1103
-3465
-1404
3052
10834
-9486
-6743
6393
-513
874
297
-9328
16561
100
4911
-3595
-11173
4769
1499
-1490
-825
-10570
18240
845
6929
-6270
-4311
-4970
-4444
3590
2473
-7146
7783
4644
12839
-8189
-11344
-1105
-5613
6734
-1397
-5115
6050
8659
12711
10128
-1547
9580
17021
-18913
-983
-13942
4478
580
-2182
-8980
2755
27721
11236
-10853
-2094
-2446
-16778
15256
-13714
-4918
-11404
17588
-4374
-331
-2516
-145
-953
5689
3791
1328
-11188
3754
12320
-3414
5749
-11108
-5203
8443
2525
-1033
-17675
498
-16706
16228
1321
5886
2706
5433
6105
-99
-6771
2422
1916
-1698
12124
2233
-17621
12229
-1836
-4695
13044
7855
172
-6128
-2036
-5204
-9576
12697
-1933
-5549
10718
23211
7567
-17682
-1568
6120
-19601
13108
-11875
-14226
-19122
6282
-8436
10820
-5366
16281
-6194
15882
4477
63
-17080
1621
-9527
14476
-906
3788
113
4899
3433
371
-3886
23565
1328
-10458
5450
-4297
-15481
8695
-2772
-7716
13044
6396
-1770
-8914
631
-3012
-3342
10317
-643
-3664
-8088
8376
-10432
3776
1000
20553
-11340
5270
-2177
1789
-7744
7127
-4721
-3870
10975
-305
-197
1542
-435
-5023
-16734
14277
-6043
3522
12937
13153
-19196
10888
-5032
-560
3573
3654
12406
-10666
4257
-7994
-3835
7432
-4080
-567
-6922
13656
-12361
-3929
-5640
21345
-7076
7060
-3345
-8888
774
-5394
-6800
203
1828
-12435
17408
5149
11873
1575
-4145
5663
12565
-5633
8193
-1468
-11751
5721
-7231
-10325
8313
10740
1447
-8800
-4826
-8167
1663
8988
4583
-9018
-11364
-2603
-2311
5850
3412
-6810
5612
8011
11578
4228
-5707
2146
-9050
-209
15535
-2522
-10350
10582
-695
18605
-22194
4274
-20987
3293
-4518
7689
7159
4353
5170
-615
-10613
13280
-4669
6463
-3902
-967
977
1616
987
385
-9301
145
13635
-9169
5846
-12293
2249
8397
2300
18919
-20101
6380
5130
-4607
4770
-322
-9249
5571
-3467
-4694
-6402
11548
-5002
-1028
4521
17258
-15682
7809
-4594
412
-10364
-7921
-11448
12867
1006
3055
882
4066
11999
-3834
-5745
10209
-7571
-2403
4407
18089
-10744
5796
-5067
-1286
705
5481
3818
-10878
5850
-9850
-11048
18949
2228
-7070
-5924
-1835
-5423
2571
4867
-4864
5173
6372
10130
7751
-2087
13651
-2784
-13821
6422
12244
-17021
11412
-11257
-6924
-4726
10035
-9447
1691
-332
25116
-18260
8210
-2632
-6469
-12149
10802
-9423
4721
-2950
16834
-2298
3744
-405
19360
-26808
8390
-8100
-4489
6530
7579
-9224
8380
652
5935
-11932
-2645
-7493
475
15483
-8471
208
11468
1768
171
-1165
4735
-1786
537
3562
-1260
-2
554
-472
-12720
11984
7598
1137
-7379
-260
-505
-1735
7145
-249
27215
-17013
12369
2613
-17891
12526
-2716
-11987
5564
-9342
-17872
2870
1132
-7520
5817
-715
-1781
3452
5128
11653
-9551
15443
12602
-117
-11864
-1922
615
-7599
10512
-3948
-1734
6342
8451
1231
-11521
3561
-9382
-501
9533
-816
-9161
13670
7289
-728
-5743
-1324
-4430
-3861
11453
-2699
-11874
10732
8202
-3184
-2514
-7049
-4911
1019
9361
3905
-10553
7363
4484
-2422
-1929
5431
1274
-9369
10475
-717
-2719
-14296
14457
6274
-3871
-12318
1191
10875
1777
-479
-5191
-8109
-729
-7424
10024
947
62
5086
359
6853
-9294
-4621
4970
19324
-7487
495
-9798
4278
4303
68
-10225
14475
9222
1079
-10446
-990
2204
-8682
11119
-2497
-3610
-776
7622
-1833
-2793
4880
12527
-13076
7126
-5906
18898
-20974
9536
3000
-13242
5945
3491
-14925
13648
-3238
-1448
-4411
7575
9861
-10816
3624
-11279
-643
7538
2577
-13010
-2433
-4842
-4430
10627
3050
-1062
1173
7131
8133
11246
-17455
9157
-2763
-12286
8002
-18810
15130
7500
3141
-917
-19714
-3175
1950
-3160
1895
-14442
20418
4834
13940
-17295
14587
3117
1864
-4222
-853
-212
858
3444
3503
-1831
-17313
4538
-8639
17475
-6904
8222
-3660
4395
5765
5623
-4917
5287
-6489
-280
11269
12915
-23386
9447
-5611
-10431
-14398
11811
-9878
7788
-8677
21981
-7179
9528
1891
-320
452
6966
15802
-11378
2914
-10190
-2345
5480
-4216
