450
429
-184
419
-282
234
261
496
478
99
199
-481
192
214
-307
-463
210
-39
-324
-183
297
-401
243
52
-142
113
-283
421
-355
-103
-70
-222
-402
222
460
-47
470
54
-251
319
-82
283
-137
108
43
-341
-330
374
397
118
263
-444
96
132
-18
-62
-344
-297
317
283
-446
-90
-24
-47
-178
-507
501
413
-478
-115
-377
9
11
-400
-100
298
-284
-289
21
-250
119
-363
-66
-140
-212
490
-272
-413
443
-232
-198
293
-282
189
204
153
10
-307
-40
152
-372
67
-121
-425
277
-369
112
48
97
105
-506
-38
-358
-138
-287
506
122
-490
-177
190
227
171
311
58
-160
-352
10
-235
372
338
151
10
-409
-144
503
97
-268
-489
319
106
149
63
241
327
383
400
351
353
17
-103
-85
393
-253
-317
-509
-278
179
-8
-301
306
305
-198
-112
-297
440
12
396
-253
479
238
-472
311
232
263
-83
227
-388
-475
252
-2
383
-360
71
-338
-96
89
-3
144
11
-511
-418
-322
87
-173
126
-386
45
311
254
114
-83
251
471
-17
19
-99
-147
223
246
-350
-216
-505
-65
-423
-333
403
501
94
37
-11
-355
-128
334
6
89
316
283
127
233
-183
322
-154
123
261
-23
-414
71
-168
226
176
286
273
386
52
-203
-9
-134
359
-452
172
-467
-377
136
506
-325
-428
-430
-269
-21
-56
503
284
425
501
-140
487
11
492
456
52
129
-355
-366
134
-245
-43
-3
-337
293
57
-257
-165
-98
-405
146
-28
178
-147
95
352
-242
-509
135
303
473
256
-35
5
183
-26
-41
156
-362
-253
186
-246
-112
438
31
-503
-37
238
-125
378
-75
360
235
231
-419
446
432
177
366
55
-482
-205
-257
290
-174
78
-162
-231
-236
-187
299
79
161
325
-485
420
307
182
295
323
229
412
403
460
130
452
283
18
248
42
309
125
228
24
354
-414
86
474
497
173
-395
143
-112
-320
-331
-166
-147
-192
119
24
261
-450
-104
443
333
-8
299
213
-456
151
-184
-40
-228
316
398
-451
195
-500
-293
-181
23
-25
212
-158
195
-112
-371
193
-55
510
474
-158
-339
-104
83
-444
-241
-165
-28
363
164
-180
250
-487
-266
424
-198
80
-31
-394
70
-378
-94
-216
-470
50
-136
-291
-425
229
495
112
240
328
211
-105
-439
-6
-207
-419
244
206
421
431
55
458
358
-94
-15
59
5
-336
167
-317
-193
379
-2
286
3
182
366
-508
-469
-40
-87
306
394
-169
11
323
192
-162
65
211
507
177
-143
-376
-127
324
93
-191
-82
-472
418
-168
406
464
-108
112
400
277
463
406
24
62
118
-475
74
268
414
-32
504
-72
-93
-243
-499
-7
-170
-245
453
-13
471
-465
420
467
29
214
264
-459
-458
16
-342
503
-308
42
-111
193
-463
460
272
-169
-499
473
240
-146
-357
268
-263
188
269
60
-32
190
-206
-435
202
-243
-148
365
-134
12
-232
29
419
310
-503
202
-94
79
75
-437
-234
450
-395
158
42
-26
464
-378
346
59
-163
-269
-221
-471
-38
-512
343
-269
-445
487
-45
32
463
-107
-306
312
95
-50
-348
-51
64
81
511
-262
478
-510
-399
24
-241
501
437
-68
78
-454
222
340
122
-125
-364
-305
458
271
381
99
28
-82
-320
169
235
11
-463
-152
-394
-436
-255
398
-439
220
114
362
502
-129
490
-227
391
47
204
-384
-358
374
214
-89
-202
417
-49
-222
-504
232
421
89
-115
-133
-253
-404
-444
-505
-328
-40
199
158
484
258
400
-142
376
-380
-273
-121
-35
-116
497
469
-96
360
165
-289
-463
-301
292
-361
351
-497
347
499
-286
297
-492
-106
73
370
-84
171
264
-257
480
155
109
-77
-435
-22
-273
-248
-356
-154
-249
449
-66
-423
-73
256
-394
-498
130
263
31
249
-25
-66
-382
-4
16
-494
-60
6
-52
481
458
-427
77
39
132
450
66
319
447
454
208
-241
192
181
188
37
-118
-323
419
-23
212
412
139
-24
-96
-56
-215
400
176
-420
187
-304
-164
245
-347
264
-23
-209
-75
-187
-476
-148
315
-403
-412
-308
157
43
-279
-265
348
-402
-24
-18
241
510
-309
-433
78
-118
-402
-320
272
489
-399
-456
-340
-412
104
-338
-198
47
37
299
428
295
116
59
163
-320
-484
-323
-221
-353
78
-27
-392
-422
-370
-49
-389
50
9
17
290
-74
430
-484
-387
357
-452
-126
425
-354
-178
210
-308
469
142
-184
3
-144
-136
-228
-2
231
-488
-72
471
-242
49
421
-429
-38
-495
111
-301
-136
-183
177
435
95
-86
-394
-501
508
435
-50
-249
365
10
164
-467
90
-341
-345
184
-33
-273
-69
285
-61
-281
-227
-472
-124
-304
260
118
-326
-282
-311
224
176
-365
-397
282
-37
2
247
297
15
-88
5
391
-199
489
-440
-377
0
-48
-95
463
215
251
-370
-60
-12
20
-230
372
-114
179
-103
-454
19
62
22
346
326
-237
200
-418
-297
387
470
41
-218
-44
-381
-451
-85
-501
270
409
57
-166
433
363
337
459
446
-458
284
423
-188
-334
407
228
408
202
-254
-341
493
452
-245
-504
-401
-335
399
478
36
213
-52
85
-65
-408
-474
335
385
4
504
57
74
302
-175
-251
-325
185
192
429
244
-508
-477
-249
56
-407
-418
-54
313
-2
406
-242
444
75
-157
378
-312
-398
-209
-150
-171
-236
-307
-38
38
-316
509
-131
-334
-116
-473
-365
467
331
-111
-291
-78
489
-431
35
-480
-22
-62
-223
6
-246
-280
-331
-381
-228
498
-312
-172
-385
429
284
88
474
9
-349
-274
130
109
496
-233
359
-70
-420
451
137
-151
-4
171
-373
-277
267
504
389
-302
-37
-371
-497
-249
-507
-464
395
-313
-198
413
-343
-235
435
-167
97
442
-405
341
-30
193
-323
-50
-451
-95
-318
-38
-291
-194
31
-168
455
277
-68
75
395
269
-397
219
218
-102
-412
120
59
415
470
-427
-462
53
-179
-189
-368
-354
224
-409
329
-290
316
348
-77
205
303
108
458
-178
-66
105
473
346
306
-162
-419
-199
354
386
-296
-305
186
469
101
90
83
152
142
-109
495
508
-117
181
-41
-422
464
-460
-426
-39
-265
-439
487
-188
-492
444
132
197
78
-481
-402
233
-219
-266
-214
440
-187
-306
429
-173
-317
-28
55
-94
132
493
-327
85
188
-392
266
268
-147
35
475
-56
-328
334
125
368
-95
-6
303
-400
-164
-330
229
470
44
182
-9
48
117
-443
360
-4
-159
-39
39
26
271
378
-426
-10
290
-85
12
-433
-105
16
373
-429
-219
-119
408
239
-437
313
482
280
42
395
488
372
-80
-266
-482
49
-363
-395
324
-145
-458
-399
46
-281
213
474
319
284
279
157
76
351
-7
115
39
-345
237
-389
505
359
-118
405
18
-142
111
423
-35
146
-510
-84
280
-461
-104
-464
-240
234
-331
-342
472
-164
125
0
-264
191
-80
-8
369
-395
-58
56
47
18
239
201
-12
-263
-34
-126
340
494
425
292
428
37
441
-99
-495
-226
-225
359
-119
-202
59
141
-369
-170
75
-85
-434
-194
225
114
280
-472
-58
140
-98
472
-73
495
73
16
35
24
493
-17
-134
179
79
-266
198
-29
246
189
221
50
-128
369
-81
-467
-461
220
0
-32
-382
-331
63
314
-10
17
257
136
467
107
176
-361
-340
351
-197
-156
322
-315
157
499
-311
448
-345
-68
196
-454
372
16
-412
228
323
60
443
-163
405
113
373
-254
491
287
-379
32
429
-300
-238
427
187
155
-353
464
-174
-83
368
103
6
-429
-265
299
459
333
-94
-251
-43
292
-226
-296
-501
466
241
-128
-214
56
103
254
-352
297
499
-46
-110
358
325
-421
272
-445
-407
-325
-264
-125
-273
-289
-133
68
0
292
-76
-502
-407
-276
-423
71
-213
-355
493
375
5
295
-207
238
-217
151
239
175
496
434
-258
-229
-59
252
377
352
119
-46
227
445
-485
-74
98
139
312
115
-351
-48
374
-278
-351
339
-81
-188
-420
-63
-105
-321
3
296
-468
-435
18
311
19
-350
-63
242
35
490
10
-169
430
170
78
2
-376
101
-302
-162
311
339
110
-143
54
393
-447
349
-253
78
-426
-110
162
-266
-226
-480
-384
341
408
-344
150
-169
-1
-170
-29
77
-455
-482
106
-48
352
57
187
35
-486
-324
-73
-200
-183
233
139
27
440
-290
-172
-200
29
28
113
230
-364
383
462
506
-153
-382
52
353
214
390
259
-137
273
68
237
340
425
-171
-76
19
-294
30
-284
10
263
-475
185
-57
-474
-207
-510
92
67
-20
-376
-467
365
107
-403
-361
-123
-175
-213
-184
-341
-496
-92
306
-253
470
-219
-94
296
163
-70
52
-462
-202
9
-329
-490
452
-300
406
322
300
-383
376
-259
-414
11
-370
339
-331
151
338
389
440
405
367
-461
148
-71
-410
89
-424
294
3
31
502
-488
-384
-80
-414
101
-321
504
467
-97
27
-431
-98
179
472
-324
302
443
54
-252
-114
-224
389
265
506
-263
221
-351
-243
60
191
-428
227
-407
-107
92
-55
-470
-127
391
-322
40
0
-260
507
-491
-163
323
-89
-271
-262
-71
377
121
-60
-330
95
-98
227
-190
245
200
81
454
-259
22
5
-337
260
-69
176
-396
259
304
-113
250
478
-480
452
-187
-63
507
-200
470
391
144
-113
81
468
-467
-138
-378
-302
103
-113
493
298
-182
502
-235
-391
-130
-41
142
-238
-185
-49
200
199
-511
-268
-320
157
312
-229
-4
-434
-84
-230
263
-158
408
22
138
431
53
-296
213
2
374
-209
58
-441
139
-66
-120
-338
320
-128
257
7
-275
-318
457
434
-219
-95
-235
-103
-255
498
196
-321
-227
21
-397
146
463
191
85
-423
-82
204
25
458
319
-494
-32
-127
-73
-420
507
-89
-3
-9
-151
299
-399
-75
235
192
44
493
-402
232
-3
-38
-283
160
-495
-166
-488
-247
31
37
226
-59
398
492
20
406
13
-146
-53
368
-93
-472
39
-410
205
478
179
502
53
248
-385
-496
455
501
-62
387
-358
393
-184
252
-364
-364
40
481
-375
-122
-214
129
159
-127
-505
-312
382
-56
447
442
430
357
-230
266
-497
345
311
105
38
6
-333
-57
511
168
152
40
-360
181
90
-463
168
446
-247
222
-274
-24
-388
-288
-366
-318
330
-233
206
-239
-151
288
-484
240
404
-75
401
389
35
-449
304
-342
395
197
355
340
-367
91
340
-322
115
337
-242
-360
-202
-282
-137
-468
155
323
2
-18
-97
407
468
8
-438
-68
-289
288
448
51
335
-41
222
466
80
-358
-316
200
214
-186
-276
-164
-476
-116
214
-11
-112
-162
-13
411
39
-248
407
117
-44
277
209
-342
259
506
6
-451
300
-502
2
10
-49
-493
-28
-254
444
346
294
489
249
-277
-186
271
35
-337
-352
-164
340
112
-501
233
127
214
130
-179
425
-460
-92
-51
-458
308
-109
340
97
421
-174
-293
-222
-430
412
-65
162
199
312
50
-330
218
380
-93
-239
342
178
-87
411
-18
-67
182
302
-402
-467
-354
-460
36
-400
264
363
139
118
62
147
139
424
442
-274
326
-14
335
-486
-495
81
-36
-47
350
81
61
-282
283
158
-24
214
-352
-415
230
34
-361
-171
-433
16
-99
-462
75
-373
30
338
-14
-98
-457
-432
118
-143
369
-338
238
247
-363
-359
244
171
481
111
-74
136
270
422
448
305
183
-464
115
249
-260
-503
305
-229
300
194
90
-77
132
416
-500
199
452
-257
481
-62
287
304
-95
-43
-381
206
-107
-39
277
193
-97
-402
-22
-230
-353
483
427
503
-151
-496
390
-105
-90
425
361
-455
476
-493
229
103
248
-67
-201
-206
29
-419
-133
-306
137
-216
477
-227
246
305
297
443
-10
5
420
415
408
398
411
-316
473
78
-367
62
-499
-291
-139
-155
-479
394
-4
467
-271
-144
-413
-142
-269
-391
455
-267
28
-475
197
-381
-237
28
-261
92
206
-310
-426
-280
-28
-491
511
4
-398
294
-489
-70
482
-263
-395
163
177
-107
158
181
-185
-385
408
-206
121
403
-356
236
57
448
135
153
-76
-275
-4
-104
-271
140
35
30
-308
-217
348
-198
-329
262
-169
-42
308
-186
-219
406
200
252
161
-116
490
-315
-501
-271
179
264
-444
282
-32
-165
-372
-112
-474
356
-480
274
81
383
358
-349
-120
-134
172
-31
365
17
269
-367
-189
-270
135
86
444
380
-357
16
-16
421
-237
-277
-281
306
197
-476
-377
-447
410
241
-14
91
103
93
-407
-495
358
423
466
-99
-4
-346
290
459
-374
-199
-165
-72
189
103
158
-245
-108
-381
61
87
412
-435
-130
169
-473
-168
-191
10
120
-381
463
-111
-505
21
190
265
-410
-8
-496
207
-13
231
-422
449
-473
-159
253
-67
-31
456
-436
184
100
-247
508
-139
456
37
-233
132
421
-200
405
-138
-92
-234
460
-486
471
-126
279
88
96
-417
247
-43
-308
-88
-435
-307
115
-284
-403
-110
-15
489
-28
-176
-450
-80
-216
355
-483
307
-472
76
33
114
182
120
389
236
287
110
-110
-303
475
221
45
-480
282
-226
-114
412
431
360
363
410
480
15
-493
488
-99
381
-400
-333
-113
-304
225
377
-457
-404
-386
266
156
276
333
-380
145
-474
-281
122
450
-120
256
-384
40
69
163
-403
-334
-339
490
-425
341
-265
-57
-152
-264
75
446
256
383
440
-275
-246
-308
-379
430
-338
-38
-253
148
345
232
-416
191
-264
-357
-212
-430
292
-370
441
-382
-14
-423
-202
408
-241
496
463
44
-415
-28
282
-256
76
406
349
-94
-414
350
409
194
-410
414
-371
-185
249
-331
-357
-124
-266
458
259
-115
456
-289
296
-157
295
-429
449
208
390
-21
-61
-372
-57
311
313
-309
-58
76
-197
402
-109
172
408
267
4
14
-127
-266
-118
-75
221
-46
-178
11
270
-449
489
5
107
-182
227
424
-245
434
-304
-88
32
433
363
198
77
448
-142
167
30
277
446
495
-281
-396
-242
251
443
285
5
-381
-73
-90
-503
-26
489
-186
376
433
190
-96
-180
-34
-323
339
-137
226
459
-53
-327
-346
-216
-286
450
-266
-507
409
-393
-314
142
-77
-440
155
50
478
233
-409
350
81
-267
-459
473
-233
-97
-11
-360
23
494
-344
250
-15
-78
257
-72
197
202
-280
-263
66
337
-51
59
384
145
54
251
385
-328
-489
230
270
249
-346
313
-193
-492
-57
385
319
-482
-380
-264
-402
-246
-355
-501
-342
95
-93
-277
446
92
-339
405
63
64
-390
-306
-317
190
-446
262
-506
135
243
128
-206
-257
190
69
-228
446
145
-452
-129
212
372
246
487
502
136
-277
479
44
99
421
316
78
462
-200
469
72
33
-312
486
345
-259
240
323
-413
280
312
-393
-259
162
382
-339
180
-73
-227
234
324
-13
296
-243
-5
66
-50
-168
117
-19
-389
-504
246
443
13
78
-182
-103
76
447
-357
353
-217
-417
-138
316
7
408
77
13
-229
483
462
-247
395
41
186
-214
155
-486
323
322
-500
-131
407
276
-207
325
-378
-395
-276
-120
318
-449
348
-301
361
388
369
-288
39
129
-193
231
47
-142
-373
339
-440
-393
174
7
185
5
408
274
219
251
211
468
-360
-423
310
-510
-431
-349
-265
-250
-222
310
-16
-215
-307
-319
-78
-162
72
-159
-328
-22
-462
74
-93
395
-150
462
-450
444
-142
16
95
-312
459
-411
-255
85
-351
-45
465
389
-100
-329
58
-444
6
-399
-333
429
341
30
412
227
90
230
350
58
-472
-353
-301
-12
485
-278
-426
-369
291
-310
-91
-217
309
137
320
265
-461
-502
86
-200
-410
-344
187
329
-10
185
-109
446
-294
-324
489
367
-321
26
-98
380
17
-206
-175
-484
-462
-137
-245
-96
57
416
194
-241
86
-349
-149
280
149
-424
360
87
-217
504
222
-333
11
305
392
191
-165
-360
-33
23
-143
-334
-94
311
218
487
-131
104
-432
-508
420
406
446
-77
-68
-95
120
-195
190
-2
326
400
159
378
-388
134
-253
226
-102
41
-367
483
-496
-264
-45
341
27
-81
197
-232
-104
-353
174
483
-135
-297
496
482
325
-13
296
-240
104
-147
-231
337
304
0
342
47
190
506
320
-223
39
14
1
431
-511
228
510
-151
197
-351
353
45
123
-283
-185
-229
-198
314
8
290
-180
390
-91
101
278
38
129
430
-283
-397
335
-222
-222
-159
275
182
-323
-202
-253
-239
-231
422
-459
44
438
9
508
-211
247
90
339
419
-118
-414
186
82
80
124
-379
49
114
-339
25
-141
-355
160
372
414
47
201
-379
-73
198
248
192
-128
-326
-145
-250
-247
-86
486
-333
347
-139
-365
-306
282
143
20
419
0
113
-351
-220
-397
34
-434
-182
359
-50
-354
341
299
-48
25
186
317
156
465
270
-21
-74
12
179
262
-171
-46
390
-286
199
503
-485
168
318
47
-401
-453
-331
-337
-405
-346
-156
86
-146
197
-332
-248
-388
-403
-113
-70
352
-212
171
-355
282
-276
7
313
-136
142
-476
3
-274
-367
-464
-248
286
-419
-134
-115
314
275
-504
54
-80
-463
-10
425
2
-234
-108
-383
-209
259
438
-439
438
43
359
-472
-242
143
2
-29
313
-384
48
-61
168
-183
-272
288
379
-463
-427
226
-148
-410
164
461
-347
-397
-475
256
355
38
-293
-68
391
481
191
467
339
-164
53
-41
-368
-401
-113
505
87
464
50
460
-18
362
340
365
-494
-18
-244
460
-4
313
157
-505
323
-163
68
206
-371
-10
174
-444
176
-459
-242
44
-365
168
-162
-8
-488
-248
421
215
414
39
-109
337
405
-450
228
-28
-83
-88
400
20
-92
127
-114
-104
-453
-228
264
59
358
-83
310
-111
-71
-18
122
224
-87
-375
201
-460
464
-243
374
428
-459
-419
-60
457
486
-223
207
-40
-324
217
13
-401
-114
370
338
129
-357
-404
120
221
417
95
84
450
-34
77
-216
388
-487
417
295
445
86
384
-464
-210
478
-489
-69
-35
298
302
160
-77
-192
463
365
-116
127
402
250
-153
159
-504
267
174
-498
-150
-151
-168
-254
462
117
-212
-212
-213
479
-206
-112
-319
-182
-422
357
-359
298
68
445
277
128
158
-431
-156
201
-303
-321
242
-222
50
-370
-126
468
459
-87
139
-67
331
-324
135
335
-11
484
385
-268
-277
460
86
458
-324
-141
200
-382
116
295
461
-176
51
-166
201
163
288
459
483
-159
481
-228
139
-140
-305
-395
-416
332
-494
-449
-359
125
432
-468
145
24
150
120
-467
90
-13
390
243
-469
319
-39
-32
340
-251
-101
-504
-324
-277
227
301
-5
-16
-22
489
415
-466
70
59
-504
-471
185
157
-152
90
326
-358
-168
-187
-129
191
-64
324
21
263
-18
-259
-446
-446
-92
104
327
147
298
-202
32
56
6
-66
270
-155
207
-395
25
-270
-288
-119
11
-512
383
415
-416
293
442
-436
-335
-7
299
-323
-235
264
468
337
-258
335
147
-306
-367
-343
-11
279
-23
-243
-266
302
368
-398
241
225
-391
54
-94
-135
8
360
-336
333
-74
-284
468
77
-1
-445
45
396
-358
234
168
295
58
-376
120
153
-20
-151
439
367
301
322
428
-61
-448
-501
456
-157
-171
347
503
183
297
-461
4
-421
-414
-93
450
435
404
35
-39
89
-407
375
-208
-245
-473
-415
-42
-144
-392
375
297
168
-131
-108
-43
447
-4
-45
-201
466
383
-71
-398
245
-267
-37
-293
-33
-506
-419
506
-352
469
303
424
491
-101
-69
-388
279
-124
-352
-199
496
182
-98
510
177
246
-252
-472
407
428
14
-289
-11
-185
388
123
-39
213
483
344
-219
-82
-487
362
9
-166
-283
-101
294
-280
203
295
66
-324
379
-291
-243
-417
398
-199
39
-489
-171
-428
-101
85
237
-236
47
155
383
445
-327
-367
502
-70
238
136
-478
-276
-330
-117
136
119
-320
-340
-459
479
-339
-159
258
361
272
-68
-151
293
-138
-388
-152
-295
124
28
-125
210
145
-139
399
-105
-145
118
435
129
376
-412
432
-38
-432
-91
-389
314
375
-434
82
211
151
-227
-511
-362
202
-4
194
507
124
-64
409
225
242
-282
439
428
397
-232
-73
94
-261
121
439
345
-285
479
145
386
-423
-211
-411
462
251
67
458
-112
-80
-309
212
-9
-313
-251
388
-235
-318
-390
-63
-500
-347
320
383
-243
196
96
70
-376
-237
-368
480
510
-288
347
-78
-433
107
460
-148
-27
345
282
-195
351
499
-39
295
292
404
-456
-271
-110
502
485
490
50
-7
284
-139
-199
-511
312
446
366
-370
143
-153
-2
-48
317
-342
-146
486
258
180
-390
-22
-84
-326
439
-481
469
-273
191
-157
-58
136
447
-339
-9
3
331
-246
440
117
337
383
-104
-496
-466
489
-214
-280
387
-509
-458
-395
-225
-98
-113
159
-282
-424
-80
269
-242
341
237
-195
240
-391
-198
-497
242
-479
-38
240
-214
12
305
-388
-70
-212
26
400
154
108
306
-77
195
-77
-301
-408
-115
-469
58
-178
325
282
217
265
78
-294
217
-6
266
172
-30
377
499
-207
35
-433
-453
311
-396
-282
98
-41
-14
-425
-63
-499
386
116
-211
180
-69
-429
55
-191
190
-215
-351
-436
-88
-374
134
150
477
368
-320
-110
-166
-290
340
117
116
69
40
296
-364
-34
301
167
353
195
-244
-123
345
322
111
299
-387
166
-461
474
131
20
353
173
-191
-368
-298
214
199
105
187
-136
212
-434
-162
-216
492
-491
45
26
-27
157
-285
365
-28
-50
46
-450
323
421
20
104
-100
-11
-510
-33
-270
-397
326
-510
-263
488
447
-197
229
-153
-13
-209
-238
-112
-72
494
-468
-297
-120
-201
51
423
-326
458
49
455
-265
-363
-473
476
-225
-286
-460
115
13
263
-168
-176
118
355
418
-459
-463
177
-504
49
-420
-282
258
-363
-112
-445
487
150
-317
-82
207
79
-10
195
135
130
-444
-452
286
-384
-276
341
-276
158
504
273
-329
-234
-468
389
405
-248
481
-67
-502
-68
341
392
-498
1
-315
-282
-12
86
-188
-43
195
-295
-123
-338
-209
-24
342
12
-146
293
93
-111
408
-47
478
-365
-428
-337
-459
-402
137
-506
-373
-381
489
-423
337
477
97
-38
134
213
470
-224
-159
329
-239
476
-123
-327
297
403
-138
173
-284
256
434
180
240
231
462
-166
-208
217
445
-118
-106
-128
-504
94
168
-486
-298
-93
-35
205
-150
497
85
463
-272
324
312
497
-258
312
391
-245
-158
-91
351
374
-112
-130
-72
397
143
5
217
105
-116
-297
-425
-159
-397
-295
201
-426
78
-345
-426
429
-501
71
-15
298
-402
159
-190
419
-13
-27
-34
-508
-229
509
-330
464
-467
-186
84
246
-52
-501
503
-443
208
-150
-417
-230
152
-132
-7
170
322
-226
463
-465
499
27
331
-157
9
-345
124
454
437
-197
463
421
-264
16
347
-255
161
-499
71
473
-3
-448
-117
439
341
353
239
224
-237
-27
465
88
62
-199
-347
71
501
-482
-418
65
-16
-440
-128
-490
316
-34
375
283
178
123
99
384
157
365
212
481
68
210
20
467
256
90
-393
87
-17
-341
400
-200
-108
-344
102
-278
-254
38
-506
242
356
-109
-183
-202
263
-330
110
-381
-192
426
-111
162
420
452
175
-177
76
-507
-360
-463
-108
-348
377
201
-241
472
-404
-154
-301
152
-170
-461
17
-441
60
-182
202
-424
-340
-413
379
-371
85
-356
-229
322
-314
171
-138
-265
308
40
375
98
7
60
-305
41
261
208
162
-293
241
164
383
-80
20
-288
-120
372
403
7
264
188
40
-307
-442
304
475
-358
-140
150
266
84
-427
-441
-181
-119
476
-49
410
445
-327
230
-180
-419
-130
-441
266
-300
-267
275
295
-112
-440
-152
433
-254
498
156
336
-353
340
174
-255
460
404
173
-173
-130
-183
82
-218
-251
-254
-395
433
-491
407
-299
233
-64
305
-150
220
501
314
-421
159
261
365
188
-386
457
-507
30
-365
-297
357
-247
13
-185
-336
445
-450
444
-465
-362
-29
403
300
-379
-56
-326
384
-475
-399
-60
412
-205
-276
134
345
344
-36
314
-172
-158
-446
221
-253
-68
-370
-463
-276
462
-282
40
420
-455
-214
-202
16
367
-507
437
-77
-295
-76
-181
125
151
-65
-277
-24
193
-238
111
-225
78
321
191
-448
192
439
44
-148
473
-272
65
245
-256
-143
365
414
-168
-323
183
-468
-323
205
-384
-114
289
-306
-127
44
-434
-469
197
439
-299
184
313
223
-503
342
-58
376
-115
-448
206
70
-76
-490
-431
34
85
-370
-124
-222
-134
-245
74
-182
-113
210
424
379
203
-383
-303
-347
-310
-158
33
-192
-109
479
27
-371
358
505
-384
-258
-505
475
35
-252
154
84
-279
111
422
286
485
-301
-337
-66
-355
148
-339
193
228
-332
-192
72
468
377
-248
-383
146
-454
487
-27
-492
-205
268
-265
-227
-340
372
-248
-178
-89
350
125
426
162
383
282
-166
-211
-347
-116
377
306
-432
288
93
-433
-454
-291
-490
-99
461
65
373
-317
-446
63
-325
-509
438
-45
-260
-412
423
210
480
-443
391
505
185
-157
-44
425
-507
-164
333
481
-300
-327
-435
-368
378
35
13
-278
-473
281
221
165
93
164
498
-231
-486
423
268
-49
-151
261
310
0
-77
501
12
371
-8
268
-307
-56
333
472
-317
-16
-321
279
480
-68
-156
192
230
-95
35
328
348
128
-502
298
255
76
437
477
190
-178
116
-496
169
-375
-41
-345
-358
-100
-156
-23
451
-324
-304
-372
-351
-329
-195
-73
-425
-478
-200
329
219
229
-505
-284
306
-310
-215
59
29
-30
-172
-260
75
-417
-483
-479
-117
-173
301
-408
441
-134
325
-21
47
254
506
-440
-72
381
-53
401
45
217
-105
339
245
435
505
316
-79
-323
-441
219
343
247
-269
-235
349
-320
-236
-13
143
-153
234
-441
408
-424
349
135
-442
-213
191
132
409
-98
330
-74
-387
116
259
-479
352
-469
329
-46
-144
298
-252
251
-139
-382
-102
-38
-442
-446
300
215
-34
-82
495
-394
492
244
-330
130
-143
405
175
-107
387
-334
181
-53
163
64
86
486
203
-411
195
-312
421
454
-82
190
-469
-389
24
129
-428
-260
-91
-509
381
-115
-275
340
492
-463
47
398
243
-349
-501
293
-349
425
479
7
508
186
140
-416
441
-74
153
285
-147
-58
-454
-151
-28
10
-303
-308
285
-512
-157
-333
-173
-303
-87
-249
-457
350
474
158
-275
182
510
-46
-16
-290
-97
148
306
-154
-169
-350
339
-361
-145
-225
471
-512
-286
-91
135
-420
343
123
79
355
-507
153
-93
-2
433
419
-274
-510
-157
-267
-344
-388
-375
389
-491
-466
335
21
504
157
468
71
318
458
74
-304
141
-124
156
-200
501
319
506
-459
-402
114
-421
452
65
394
494
-122
177
-70
-317
-511
205
-262
14
38
316
-131
-162
-417
-179
-512
-333
-459
131
-327
189
477
-339
182
-83
-261
55
-419
-6
155
507
135
356
-51
21
506
-418
-512
-394
-313
45
357
315
-501
-55
-383
261
27
383
125
-130
449
-357
-18
-414
108
-247
-252
-439
-191
-439
30
-484
-169
462
294
500
168
-346
429
-177
238
233
-511
-15
483
104
-100
-374
-151
323
36
-295
-24
-33
-332
-131
201
512
99
-486
29
-174
-246
219
346
-272
-148
-184
-428
273
-323
-468
76
-27
372
349
165
460
62
-423
-213
-290
-469
-254
261
397
-231
456
-359
482
-370
363
-433
-46
-486
168
-367
-454
449
475
433
308
371
-299
271
-343
-193
-151
-503
287
-40
175
-87
-16
-326
-465
-31
76
183
-137
259
324
-46
458
-170
-256
136
-208
341
-285
-336
370
-238
-113
-32
-389
-452
334
-219
-196
234
-301
-400
-160
-338
-188
-6
-109
39
-256
-376
-69
65
475
143
-115
93
72
212
-486
300
265
152
-273
-212
-207
-237
-484
-107
-347
-160
-45
-488
-266
-115
-372
-457
23
-481
-188
-251
-219
-248
-441
-161
-302
236
-469
94
145
-508
151
-387
503
238
179
435
-500
329
227
-301
-206
103
-117
72
31
285
329
-244
262
-313
88
350
-312
511
-70
224
233
-273
-233
-445
236
-186
-163
-296
91
-264
-424
447
-401
-298
-99
495
-167
303
-427
344
356
-72
143
-335
-264
-227
-420
312
-117
72
-15
448
-231
416
-411
-3
59
243
-404
-263
322
53
-512
-334
-436
169
-294
399
225
-179
231
-175
404
-470
383
-156
-495
17
-457
321
19
-122
220
-324
-277
417
339
-180
357
386
390
-396
-380
120
-477
-412
414
-347
-368
67
-63
-330
196
147
236
342
417
352
-253
357
114
-200
153
405
-229
188
-215
-355
346
29
-83
-352
-225
-402
54
237
406
-406
-273
-505
227
-382
446
175
-205
-199
-191
-128
163
353
-272
-135
509
111
477
281
-152
-269
-309
53
-190
257
231
-1
-482
-3
273
-374
-250
99
-278
258
-308
36
308
-119
-164
197
-283
339
374
-100
375
-392
-75
-416
187
306
-14
148
421
96
-348
-109
-42
290
-206
-240
-150
-458
319
-10
167
480
-446
-368
268
-271
13
-252
-125
488
-69
-150
227
-21
-507
-33
-210
-391
-263
-326
90
8
385
360
-231
501
1
189
438
-231
-257
101
109
172
301
190
509
260
433
-326
-497
-458
44
501
470
-350
-254
489
-390
-146
-359
-277
165
386
-11
-384
342
220
414
167
463
154
-105
-177
-390
359
-410
9
38
312
469
-510
327
215
203
-325
-432
404
-370
-173
-308
361
463
85
-510
-434
-251
217
166
-126
-388
204
-500
-351
121
326
464
-254
60
386
140
-104
112
483
126
-35
-343
468
202
278
261
229
406
-66
-375
-306
-383
440
-467
471
184
252
-255
471
319
390
-1
169
-458
44
-167
139
129
445
50
-453
-503
-497
-113
144
-265
178
0
432
-382
347
257
-430
-353
250
384
-59
240
-151
-111
-10
223
484
264
-422
-64
36
-509
-354
180
-114
-334
-240
371
251
-337
103
-386
-396
382
281
67
226
433
-181
-94
511
-252
-425
-397
368
169
279
-454
345
-450
434
-480
-250
447
159
-232
-71
-254
356
14
-413
-208
-360
298
214
-74
-351
325
-213
52
115
-280
34
-317
426
-285
233
103
365
-466
-100
-16
-21
319
180
367
321
-326
-358
203
505
-9
-469
-323
501
114
-281
354
-218
-29
357
-398
-120
-77
260
-72
-462
18
-391
-8
327
299
-291
-418
111
-412
-42
-366
50
-141
37
57
-234
-208
-80
-342
-397
-10
-36
444
-505
504
212
232
-85
25
-224
-402
-326
-103
-60
-300
29
-384
209
-330
185
40
400
392
82
19
219
396
-65
309
-500
112
-261
79
-321
147
173
-285
353
341
73
194
-381
114
348
5
148
22
-206
459
-375
182
341
110
-6
-387
-369
185
-135
488
-370
-388
164
-323
-257
-306
20
97
493
-251
462
460
417
-112
281
-240
-9
442
45
-82
92
-282
282
-376
18
-226
252
370
-40
-324
-3
-9
-104
72
-14
499
134
-164
-12
271
421
-509
265
-78
317
216
187
491
203
296
-318
-396
-451
-277
99
-322
-86
293
293
206
338
252
368
-247
-9
281
376
-242
-121
-209
308
-290
-158
-260
-118
128
107
249
-151
345
-11
-58
354
434
-391
470
-472
-412
-306
441
-125
444
-384
86
292
101
-1
-303
29
491
-454
-6
-370
-289
252
-134
-31
235
276
-283
110
-444
227
-52
-210
410
-119
-419
-99
296
137
-351
455
-56
203
-313
387
-330
459
413
-64
298
-139
-243
-512
-191
511
105
-142
115
-51
190
372
-341
263
32
-485
158
491
509
141
-500
-114
-5
-141
422
395
-230
403
-303
133
402
-49
-432
496
333
129
414
-249
211
-380
505
-361
284
-294
-240
-80
286
-136
-267
28
-93
-458
163
-141
283
-465
-186
438
297
96
13
-499
343
-203
-115
98
118
475
-188
-298
-81
96
-113
-212
-347
307
-343
282
487
-489
117
145
-229
-337
138
-28
338
-179
-483
-411
366
-42
311
50
-140
-40
-478
100
-261
-391
-70
177
253
-199
-12
-385
370
139
333
-135
-29
341
129
271
-417
-146
229
-242
10
386
316
474
-136
186
-138
-92
-246
271
85
220
-507
339
58
46
-331
138
312
-381
463
-110
-378
-79
-8
68
150
425
-330
143
62
11
494
221
282
388
-83
446
181
-343
112
-143
-216
-241
232
-456
215
356
389
-131
34
248
43
508
466
-279
-214
-356
138
420
89
-397
412
-9
-393
-242
109
370
456
173
410
-266
-175
-7
406
-243
28
-280
-155
-505
-175
313
61
360
104
-205
193
-235
-465
83
-438
-464
202
502
223
-74
-36
226
170
-128
-271
428
360
-47
-438
-245
-45
459
30
379
-111
260
45
-483
208
506
311
507
468
-265
-250
414
475
-154
221
53
-434
66
140
-204
29
147
52
-9
405
-364
-379
364
-459
-359
-186
-128
441
-107
429
-46
271
-260
-23
342
-478
-256
207
-324
-178
69
195
-225
-77
161
-271
-439
111
406
-57
-311
-372
311
142
-186
-389
150
511
-59
408
-380
-122
-9
434
-453
511
-318
-305
70
366
391
-351
483
-195
480
-314
-232
59
-46
262
154
449
337
-444
237
-495
-122
168
138
-402
274
-187
167
-167
-106
334
171
-253
64
261
22
-290
450
241
-415
169
480
-62
-495
-460
462
-182
-5
-158
-179
-451
-53
201
155
-245
-186
-487
332
-21
-273
293
-394
-140
-214
-98
-396
96
155
263
-106
15
-5
179
-493
294
29
492
236
54
401
390
352
-422
360
110
-43
204
-70
334
-408
-477
-135
-222
-222
-256
173
-438
-231
319
208
458
5
-64
394
-381
3
0
394
-323
-428
-459
276
-467
500
-72
-172
-417
414
424
284
-398
-498
98
-30
459
-81
-304
-108
-136
356
-275
342
-497
-230
96
109
-399
-100
-441
-285
369
-420
8
410
176
181
15
-333
280
366
-102
294
446
-455
179
-370
-29
473
-500
403
290
-267
461
170
-456
-234
185
-80
-446
424
339
-280
151
36
-316
456
-455
317
92
487
-31
-171
-484
442
-391
-416
-348
-37
451
61
-231
311
-473
258
267
-229
-170
45
-38
139
343
-104
-255
251
-89
-132
128
258
338
-5
472
-308
346
-203
-246
-383
-11
-236
-94
416
235
120
142
-333
-256
-39
-6
96
91
20
253
269
-32
-284
126
176
416
189
-290
374
182
-360
268
-454
-264
391
214
354
-446
-337
74
-405
423
-217
121
-315
-149
-418
22
-169
-267
415
-105
-204
-177
446
-172
-364
-30
-275
122
270
-495
-396
422
-412
496
125
-232
437
154
-509
-390
188
-356
486
-4
-296
251
-454
340
-11
482
-289
-453
173
375
312
-158
-310
227
234
5
-198
79
-391
-156
290
391
-96
-353
-234
-34
-155
-456
-451
111
336
275
-354
-39
500
506
-244
-466
-77
267
460
-289
362
-366
-223
-124
-152
-148
-510
444
-370
15
432
450
286
-161
-126
142
185
263
467
-507
189
-164
231
-350
-381
9
-90
72
343
-464
281
-157
103
49
-483
-374
292
-404
261
79
-269
26
223
-320
-25
-325
-333
1
-299
-427
-126
-74
319
-45
-375
162
-38
411
171
-439
-459
409
-290
109
372
-203
-298
413
-455
-487
230
31
-340
-351
-442
-188
-441
295
321
-285
-345
44
299
144
354
-486
-35
231
298
79
65
189
-74
-89
112
-217
188
20
-490
445
266
388
409
-110
-322
-75
376
-367
-355
211
-155
486
454
-478
153
-237
-242
484
-31
-245
-210
218
-1
88
401
509
69
-143
56
469
-118
501
-117
-469
-114
199
-299
-150
-505
408
-328
283
-90
265
202
-479
416
397
338
9
114
89
428
66
-56
100
-424
-333
-273
-28
-132
-87
177
149
-471
427
451
98
-246
-289
154
32
-488
403
-235
378
312
114
-9
202
422
82
179
443
-343
468
-298
-484
233
-84
258
339
-431
-297
495
-474
-385
393
454
-276
40
-463
322
-485
483
-445
6
186
-325
187
-245
367
441
121
144
485
-460
460
-453
294
-309
-349
-60
-453
23
350
91
348
232
-349
-346
-4
-61
-440
160
-27
444
271
-190
-139
505
-9
351
128
-353
-303
-407
112
90
-178
254
-40
-90
448
434
-92
313
57
225
-366
124
-276
436
155
200
221
-116
-244
190
-129
419
22
-226
38
387
-482
-185
-118
-281
-98
-44
-400
-353
-360
-406
230
492
-113
345
-97
-437
-295
-467
473
-296
-347
489
429
-384
393
394
-168
291
354
195
-108
-455
-75
167
132
-439
331
-149
134
358
-448
140
-262
240
275
-386
112
120
-342
120
-128
121
-10
186
-440
50
153
-155
231
-453
222
-39
16
18
-251
294
-235
329
-294
-484
37
-227
-70
-493
144
-459
404
-381
-119
494
-44
78
-382
348
-273
463
-87
-291
16
227
447
356
111
-420
-243
132
-282
-36
398
260
-286
33
374
-93
479
222
-442
505
252
456
279
378
-504
308
-147
471
97
475
360
-358
-324
-367
155
-438
-76
-188
306
443
487
506
-95
292
382
333
423
305
136
-131
86
-41
314
393
-308
219
-121
88
289
214
-438
-119
-207
-246
-140
-37
-84
-83
222
143
410
168
424
-226
263
-465
263
144
-83
-256
305
144
363
-251
-465
341
32
396
-266
-433
-307
313
-232
71
-66
139
279
-77
-8
-67
-221
238
-451
297
-113
-18
-238
369
146
76
-358
265
-486
-488
81
311
-88
409
129
-399
-308
-152
-349
342
383
-487
-124
-12
-16
-404
-5
-407
-48
249
-70
-404
-353
-498
-167
203
-406
160
26
338
-387
-12
8
429
-6
-78
310
-25
319
-222
31
301
291
-142
-186
369
-77
-183
-50
44
-108
156
402
321
-261
259
-152
381
-460
-459
79
487
-170
352
-16
359
104
-108
69
181
60
-322
158
55
-455
-134
-254
35
-229
-429
-65
-282
73
-309
-102
-131
507
-210
-379
-43
-315
-42
-311
-116
-152
241
310
231
385
12
24
200
-409
-199
-71
47
135
145
-172
235
-56
126
-185
-509
-183
-441
-37
-226
499
338
411
53
-200
485
367
418
9
461
-253
402
-240
-101
509
235
-371
400
9
99
110
420
247
-485
314
-277
407
57
-132
-75
-12
-278
239
148
245
-459
491
-265
510
-419
-231
210
-395
-467
408
439
-205
121
372
-486
-349
-491
425
283
-140
-352
-468
-66
302
-157
112
313
352
-307
155
158
-255
462
421
-156
-45
-173
-506
-431
-118
-430
455
317
386
279
-29
266
-177
213
-179
-79
354
-406
-361
-214
-343
247
-152
393
-428
298
-472
127
267
39
-454
341
-86
63
383
27
131
-171
237
-22
101
168
477
-286
-283
-338
502
14
110
283
-163
-449
361
129
-446
-465
465
-492
-496
95
-145
260
452
455
90
-84
260
236
238
463
461
169
-182
-212
325
227
297
-481
-168
-338
295
-292
398
-364
243
271
413
18
-202
-84
332
-487
-314
-406
-179
-83
391
-321
-432
304
-247
470
-25
263
-191
-481
-271
-429
419
442
-11
231
-231
-173
69
-29
-319
42
-234
-480
351
181
356
434
93
-324
-241
-371
424
-343
-152
355
75
-207
134
76
-511
-203
11
-335
-80
-90
209
-158
-152
329
-172
318
482
325
-171
-24
464
412
169
-357
161
490
14
-9
364
-267
-501
248
-495
201
263
282
-457
104
-334
-398
-107
326
427
343
-385
419
351
-217
396
-429
216
-355
-325
-61
-33
-422
-304
-28
413
-393
94
76
-331
476
111
-426
47
221
461
258
340
-56
-119
335
-322
442
-300
-336
205
-81
118
-262
114
-226
-57
347
-310
-217
343
-247
210
-442
15
-228
-483
13
432
-193
-89
88
-468
-31
-370
-361
81
296
-321
422
-259
-419
358
-240
198
107
-249
-170
-489
-75
-502
-213
403
-257
-55
85
-105
223
-115
-493
-318
-357
-76
468
-32
403
486
-75
-176
239
-184
-156
278
-322
504
-354
131
-405
-222
-117
-253
-125
202
-432
-307
36
-104
-72
-4
333
363
435
113
-494
351
48
-503
-381
101
-467
-83
-428
-100
-1
-61
-349
376
-384
88
-411
175
510
-124
-336
216
-411
394
-148
295
-136
323
155
225
-34
457
261
396
131
-278
-213
364
231
106
-393
-99
-399
322
-9
-496
-298
309
339
412
-421
-404
135
491
161
-511
-201
56
30
-50
496
296
90
-350
259
292
86
113
-499
8
-507
364
-322
-166
-451
56
175
-273
-192
-412
-168
-62
-275
481
-337
-474
72
290
-98
189
-223
276
-138
270
-360
-505
-392
-447
-235
-316
400
371
506
367
-63
-335
18
-53
483
77
-437
-149
-354
187
-498
-371
-483
-434
-227
-92
460
471
-295
52
-24
-13
276
-382
-88
-161
246
470
-288
-41
424
154
-67
-335
279
102
267
11
122
-481
464
-201
-257
297
-3
-366
96
-16
-349
-405
209
-486
352
-343
-327
177
451
450
21
-22
-10
13
70
-10
246
200
305
154
-67
177
-368
138
495
-308
-337
216
196
355
-302
-484
-441
331
196
-425
49
-283
-506
248
63
-494
250
-68
-154
126
61
227
10
129
235
39
-87
-414
457
27
495
464
263
-60
-461
312
439
451
-420
-268
-279
184
-493
-278
-171
279
242
-246
-437
459
212
306
288
-446
-491
508
-331
-295
477
309
-411
-320
100
-328
27
384
-454
156
258
367
-27
123
505
-292
-113
438
-105
-236
-357
504
392
-171
-413
-512
-125
-43
497
157
85
53
-341
-334
494
-23
73
506
341
-122
-511
231
497
-429
398
443
278
410
329
-180
-401
-122
208
-192
493
-20
-2
-327
-224
392
23
158
77
117
-100
458
-5
86
-283
293
66
-293
-486
426
-383
479
