35
28
36
1
-23
-17
-5
8
-7
-15
1
24
31
-12
-15
2
18
18
-8
15
-2
0
-23
27
-19
12
-13
-24
2
14
-26
6
-9
-1
-11
0
32
-28
-12
48
34
10
14
1
51
0
-6
29
7
-22
23
-18
2
4
-11
18
0
21
20
-21
28
4
22
16
-17
-16
-16
-26
14
-7
-59
-56
-57
-50
-40
14
-33
22
-2
-9
4
24
-25
-22
-2
-29
8
-18
-33
-40
-55
-50
11
-44
-13
8
-5
57
88
81
27
15
-75
-133
-89
-163
-84
-50
-53
10
0
-28
-6
30
10
-14
-20
-62
-72
-15
-2
87
46
132
-19
80
-22
60
-89
74
-84
-136
-98
-93
-50
-82
-136
-22
-18
6
0
34
25
5
-51
-67
-13
3
12
3
157
58
-22
104
224
129
84
228
212
48
-67
24
5
-169
-148
-54
-11
-16
-25
-13
12
-33
-83
-36
0
-6
-11
-135
-28
-34
-90
190
132
-26
71
157
200
108
16
205
231
-58
-241
-174
-87
3
31
26
30
-12
-85
-25
22
-3
-133
32
72
35
4
147
30
34
26
213
183
112
6
-9
126
162
-119
-208
-68
20
8
28
-14
-19
-98
-54
12
-58
-33
130
56
-27
127
52
214
225
335
304
168
55
46
6
145
317
54
-213
-111
-11
-7
27
19
14
-34
-9
-116
-115
-51
28
140
32
54
225
45
-175
152
263
181
197
112
-83
50
323
226
-178
-79
-26
-24
-7
16
-8
-46
17
-38
-66
-73
120
-87
61
26
130
49
-119
-32
221
207
-14
123
66
160
344
260
-204
-80
30
26
6
3
48
-65
-96
29
5
-22
-125
-88
-6
-202
-46
-296
-482
-445
-7
-124
58
167
268
178
242
283
-116
-55
25
9
-26
-3
-7
-48
-8
175
2
-37
-85
27
14
71
6
-455
-621
-499
-19
4
45
56
126
136
291
359
-14
-44
12
23
0
-22
-20
24
21
250
196
61
39
189
72
3
-304
-497
-617
-453
-105
23
-77
-248
-6
133
328
288
55
-21
26
-21
36
33
-48
-1
190
219
297
171
150
107
73
169
-96
-552
-518
-574
-113
-60
-134
26
83
95
319
348
33
23
34
-15
-6
-20
-37
28
285
29
299
152
155
185
52
30
-361
-665
-489
-341
-155
-27
-107
148
63
164
278
278
-8
-11
-10
-4
-20
12
-66
47
274
176
189
226
177
201
103
-152
-613
-520
-271
-182
-31
52
8
215
136
114
171
39
-103
-19
2
35
18
-2
-59
53
232
238
160
73
235
310
83
-129
-482
-473
-231
-34
123
16
108
90
12
151
63
45
-51
-16
9
28
22
10
-85
-14
95
75
137
200
199
261
131
-178
-407
-305
-87
-10
-6
-33
-106
-104
44
224
55
-42
-18
20
13
15
3
-7
-84
-22
58
169
192
191
75
154
264
164
-121
-212
-119
-104
9
14
-105
-16
89
207
19
-26
-48
2
17
-13
41
9
-63
56
173
126
95
168
95
236
293
324
170
-53
4
-81
-13
-49
-167
-88
45
97
-63
-74
-33
16
10
20
8
-30
-61
-25
48
130
131
7
1
149
228
265
55
-1
30
6
-161
-202
-232
-85
-22
-26
-46
-72
-6
37
16
-5
30
-18
-20
-166
-41
37
5
107
168
128
124
112
295
88
91
43
42
-92
-51
-75
-62
21
-40
-73
-12
36
-9
-16
19
0
-41
-182
-135
-46
77
87
205
299
280
192
205
218
148
69
20
-204
-272
-229
-115
-43
-49
-40
-23
-7
-14
7
8
-11
4
5
-48
-114
-151
-60
-24
14
6
186
158
140
29
-65
-121
-142
-193
-206
-118
-58
-41
5
-19
-16
29
-14
20
28
-20
-3
-45
-89
-89
-129
-201
-298
-258
-327
-284
-274
-264
-159
-210
-185
-107
-143
-50
-13
26
34
4
3
33
-3
-5
-4
-25
-7
-20
-22
-26
-50
-43
-74
-44
-16
-92
-50
-41
-75
-80
-34
-12
-29
-32
-10
20
-15
15
8
-18
6
-16
-20
0
-28
29
33
-21
26
12
23
-7
0
9
-6
-17
-12
21
-22
14
-8
22
-49
-18
27
-5
31
18
73
40
43
32
45
49
65
56
51
78
52
77
68
72
69
63
47
95
54
33
43
50
90
59
44
34
33
47
94
43
48
48
48
41
50
32
61
85
86
36
71
62
51
49
82
31
48
60
34
37
87
42
57
93
78
32
71
51
43
40
70
74
35
83
53
15
15
62
57
126
112
184
130
52
68
58
56
43
94
40
61
46
40
44
51
68
48
61
81
40
55
53
-27
-60
-133
-184
-57
-14
-45
124
146
-41
-97
-25
-30
-33
18
23
48
35
15
93
62
66
83
69
58
91
69
-10
-12
-94
-70
-148
-55
146
146
134
80
-17
-48
78
27
105
67
-17
-52
-22
43
76
53
78
50
97
108
124
77
-68
-174
-240
-124
-200
-150
-49
-3
174
-42
-210
-13
19
72
193
181
144
2
-71
48
53
51
87
82
48
82
41
-56
-111
-207
-304
-112
-27
-179
-166
-162
-182
-180
-245
6
-86
46
71
84
57
-19
-55
22
86
62
67
75
81
50
-79
-164
-130
-350
-266
-136
-175
-81
-133
-48
-329
-207
-151
-116
27
55
-8
-14
-51
-149
-73
68
34
54
60
44
67
12
-106
-212
-162
-239
-314
-178
-166
-90
14
20
-48
-186
97
-90
-108
-140
-127
-161
-247
-293
-104
32
79
88
91
73
57
-33
-187
-184
-147
-199
-237
-116
-42
-98
52
73
306
114
-6
-132
-164
-233
-225
-290
-317
-173
-86
44
38
70
68
41
26
-10
-180
-235
-188
-122
-185
-23
70
-61
213
362
573
170
75
-176
-170
-320
-259
-218
-227
-155
12
17
59
71
77
92
27
24
-61
-166
-168
-150
-202
-142
-111
-129
280
543
553
148
-7
55
-120
-184
-189
-103
-55
-48
13
64
63
95
63
61
68
23
-32
-51
-116
-156
-143
-250
-343
22
241
630
317
34
149
21
-181
-101
-77
-30
-9
13
11
21
73
57
89
65
53
79
-25
-78
-104
-20
-127
-495
-502
10
165
443
243
133
220
-194
-291
-173
-65
-50
-61
-14
20
19
83
87
52
55
94
58
-11
-45
-159
-44
-230
-523
-391
124
204
386
244
169
-152
-411
-364
-182
-138
-82
-68
22
58
82
62
89
63
46
85
44
-78
-140
-174
-101
-284
-342
-77
107
232
486
95
233
-369
-488
-430
-263
-158
-99
-50
-2
23
66
93
47
90
63
47
70
-53
-202
-199
-219
-84
-18
-45
-147
205
483
-74
-52
-562
-468
-347
-220
-145
-121
-102
38
20
54
77
87
70
69
65
49
-189
-324
-295
-188
-80
-15
-141
-38
314
379
14
-341
-467
-312
-183
-163
-95
-50
-41
26
-19
73
81
68
52
71
30
-37
-239
-418
-309
-67
10
-90
-114
-1
98
135
-208
-348
-139
13
-47
83
15
-65
-41
29
74
58
41
75
38
66
62
-49
-312
-264
-121
-57
60
-51
-52
-98
98
-125
1
148
4
166
182
96
9
-38
53
99
95
95
51
91
88
34
38
20
-168
-11
14
98
108
153
123
116
-1
42
-60
217
225
368
252
122
49
0
4
97
84
73
62
33
46
57
118
130
290
206
142
133
83
189
-78
-53
-119
83
52
11
9
237
168
182
144
-91
-89
116
92
76
40
76
81
48
64
160
525
357
97
49
56
-47
-331
-325
-287
-79
-28
21
212
268
176
205
31
-114
9
72
101
94
76
36
61
41
50
22
276
275
64
15
56
-51
-64
115
-54
-158
54
97
167
59
78
22
-87
-39
5
27
59
41
53
43
77
93
34
-5
61
73
-29
-167
-89
-167
-209
-128
-279
-242
-216
-367
-72
71
45
-5
32
6
28
46
96
82
87
38
65
39
86
47
-5
-46
-95
-86
-121
-312
-281
-193
-198
-253
-237
-211
-126
-25
-9
58
27
71
63
57
64
65
46
64
93
76
47
28
81
48
57
75
10
-71
-53
-60
-89
-71
-17
16
44
9
24
76
88
81
77
63
92
47
75
50
90
67
47
88
71
70
53
44
35
23
61
65
89
58
78
87
31
18
33
31
48
68
37
42
42
75
86
-25
-52
-71
-52
-30
-34
-56
-56
-61
-63
-82
-32
-32
-86
-74
-33
-87
-59
-32
-27
-87
-34
-83
-47
-47
-77
-37
-58
-77
-34
-60
-46
-86
-37
-30
-52
-43
-68
-65
-72
-68
-51
-32
-14
12
-73
-37
-69
-78
-87
-80
-48
-48
-26
-75
-28
-70
-64
-62
-83
-72
-50
-58
-91
-56
-8
-22
19
33
7
27
25
98
-6
-85
-99
-91
-114
-94
-49
-44
-67
-54
-80
-61
-63
-33
-34
-25
-86
-18
-7
2
210
270
293
262
324
181
136
207
36
-91
-121
-143
-163
-167
-160
-65
-21
-42
-51
-59
-43
-24
-56
-65
-62
22
76
91
261
214
230
248
166
219
139
36
108
-37
-69
-170
-258
-306
-282
-136
-38
-35
-76
-86
-62
-68
-86
-68
19
36
104
86
72
28
139
162
132
41
55
196
135
91
43
38
-36
-132
-247
-166
-75
-79
-76
-66
-51
-66
-47
-10
42
68
97
11
137
138
-17
18
6
8
66
82
-25
20
-74
-45
-147
-157
-384
-224
-59
-64
-61
-88
-46
-36
-61
120
81
189
8
117
-29
22
143
-34
195
52
-107
34
-192
-27
-77
-123
15
62
-441
-333
-142
-91
-58
-30
-42
-24
-44
263
127
92
58
91
28
191
109
-77
-67
38
-11
-67
2
-157
151
3
-3
-27
-108
-350
-173
-83
-36
-64
-61
-76
26
95
248
45
-1
-65
129
159
-27
-13
45
102
168
121
-19
38
13
54
-62
30
-115
-300
-168
-34
-47
-71
-86
-76
11
-33
201
236
-3
-5
-53
56
-13
-4
-166
38
-81
-30
201
-12
-116
-30
-53
-52
-155
-261
-82
-20
-80
-48
-58
-41
-64
-120
-4
-68
-175
-386
-363
-551
-473
-476
-646
-445
-365
-183
-289
-157
138
-96
-30
-43
-149
-155
-1
-44
-66
-55
-36
-79
-83
-213
-396
-597
-731
-439
-420
-490
-442
-404
-297
-316
-331
-242
-275
-204
120
-78
-12
-88
-226
86
194
90
-58
-31
-42
-66
-99
-355
-582
-780
-609
-277
-193
-101
29
-127
82
-23
-258
-164
-151
-110
-56
-73
9
-1
-28
323
343
194
19
-26
-39
-28
-89
-258
-419
-283
-37
-104
-74
28
1
-31
162
44
-156
-111
-227
38
-81
81
-59
-58
74
220
269
155
-51
-57
-35
-89
2
61
130
193
75
57
67
-5
10
-51
219
58
-17
-46
-151
-88
41
-136
-121
-225
-22
340
436
237
-53
-47
-35
-37
163
245
184
264
55
-72
149
173
161
221
335
157
-62
83
198
26
37
-105
225
70
118
427
667
327
-34
-64
-79
-27
133
285
233
236
114
37
118
251
308
288
284
53
82
2
-127
32
35
-4
98
125
38
339
665
163
-69
-41
-30
-73
69
292
363
201
323
64
42
227
113
291
222
112
-25
61
219
67
94
-15
88
143
321
521
422
-5
-71
-55
-53
-60
-96
161
74
61
295
163
236
319
189
168
325
98
157
178
164
93
-68
119
162
290
245
224
306
70
-26
-30
-57
-48
9
286
204
206
389
215
212
146
326
200
107
32
67
48
-59
127
240
261
241
164
174
287
87
-49
-83
-60
-42
0
76
177
171
200
54
-112
151
83
154
-20
130
57
-103
98
223
197
360
62
155
263
369
173
69
-30
-39
-57
-35
10
55
126
124
252
264
228
203
67
140
33
9
-7
-83
-26
-29
106
149
229
203
293
208
71
9
-84
-28
-66
-51
-80
-61
-64
-74
-25
56
86
116
-63
146
95
-94
18
-74
-15
-7
222
236
237
234
270
126
111
-3
-93
-71
-65
-68
-79
-124
-128
-262
-285
-262
-147
-75
-136
-47
52
-76
149
2
-23
102
136
15
43
96
-45
8
109
4
-20
-37
-32
-54
-28
-86
-119
-81
-103
-152
-304
-317
-289
-253
-167
-177
-47
10
-66
-93
-183
-240
-181
-165
-111
-93
-49
-34
-39
-69
-39
-80
-62
-83
-31
-27
-73
-60
-82
-112
-111
-112
-75
-85
-102
-143
-124
-120
-99
-84
-72
-102
-87
-59
-64
-40
-55
-86
-68
-26
-68
-41
-79
-48
-46
-27
-64
-63
-68
-51
-66
-82
-26
-61
-79
-75
-72
-71
-75
-45
-35
-75
-79
-50
-34
-76
-76
-57
-30
-73
-18
-43
-22
-41
-75
-41
-56
-46
-30
-25
-71
-60
-52
-28
-47
-61
-66
-69
-49
-46
-20
-57
-61
-21
-34
-35
-53
-55
-60
-40
-53
-31
-57
-14
-28
-46
-48
-43
-17
-46
-36
-70
-15
-77
-48
-21
-35
-22
-71
-13
-30
-29
-24
-73
-12
-59
-73
-22
-76
-62
-51
-75
-73
-21
-8
-79
-67
-60
-58
-85
-77
-75
-45
-73
-51
-19
-43
-64
-65
-62
-75
-55
-14
-54
-30
33
-3
9
50
56
140
257
305
160
275
270
204
140
187
140
145
-81
-136
-109
-67
-73
-68
-49
-16
-49
-57
-55
-50
86
150
154
325
293
335
330
301
258
231
238
293
139
213
158
-3
-164
-109
-166
-75
-68
-45
-36
-48
-35
-64
-11
61
236
282
279
109
106
146
95
47
102
11
172
271
-93
-39
87
-59
-143
-148
-190
-86
-71
-59
-65
-60
-27
-15
74
132
201
295
111
135
263
291
157
51
270
101
159
193
11
176
-60
93
74
-67
-151
-127
-62
-76
-20
-56
1
-32
32
270
277
159
61
85
103
-5
-92
136
-29
209
214
-41
138
1
111
-19
-146
-104
-207
-207
-61
-63
-15
-29
-56
-26
20
309
185
46
58
-61
-86
79
-3
98
47
127
238
114
54
194
87
54
61
137
-334
-293
-116
-31
-72
-29
-64
-32
85
345
155
105
102
59
-8
-112
-322
-190
-63
239
348
234
47
55
111
210
224
262
-148
-319
-118
-82
-39
-31
-51
-63
162
160
41
32
-77
-182
-408
-462
-524
-504
-44
168
150
181
126
125
171
189
99
154
-48
-225
-63
-21
-63
-12
-62
-9
121
48
-150
-212
-415
-414
-390
-375
-207
-86
82
193
177
-27
227
85
115
345
-37
2
-112
-163
-28
-44
-30
-37
-71
-49
21
-44
-217
-320
-261
-329
-94
81
-155
48
36
356
145
75
25
114
21
-38
-348
-248
-178
-131
-21
-75
-40
-52
-71
-23
-57
-139
-211
-272
-186
-168
-84
-118
-155
43
351
227
-145
37
-28
181
-58
-254
-352
-435
-213
-111
-38
-17
-29
-15
-22
-49
-37
-57
-239
-268
-272
-120
-32
-120
-163
112
31
55
25
-36
2
87
-110
-115
-4
-257
-169
-87
-16
-44
-42
-61
-46
2
14
7
-58
-80
-210
-256
-189
-134
12
71
3
114
16
-86
-89
-116
127
199
150
153
138
43
-70
-40
-67
-30
-70
30
46
250
124
-115
-184
-390
-148
-131
-12
24
223
21
-133
-297
-93
212
300
122
42
217
320
200
-108
-49
-64
-49
-63
35
196
351
81
-123
-76
-162
-443
-469
-390
-242
-173
-307
-247
38
205
81
304
-30
65
154
244
-81
-197
-56
-61
-13
-29
14
360
253
179
119
-149
-111
-291
-374
-287
-405
-208
-192
142
268
171
148
135
28
198
272
79
-192
-165
-28
-64
-12
-23
-15
345
249
359
85
-35
0
-61
-70
-246
-112
-53
-9
43
101
230
201
79
24
186
125
29
-129
-107
-43
-20
-39
-65
-17
314
315
234
314
157
116
186
-71
-183
-329
-91
67
10
82
119
255
-2
205
85
-12
46
-123
-79
-59
-25
-72
-28
-11
158
178
64
132
157
94
-188
-108
-103
19
-38
-90
12
123
-46
146
184
-6
-62
-42
-115
-126
-33
-65
-14
-62
-31
30
147
145
104
141
59
72
29
-12
169
-19
-99
-114
62
-1
103
-2
79
51
-48
43
-104
-108
-88
-17
-68
-34
-60
7
182
277
226
207
200
47
199
171
212
-87
100
-137
-65
-203
-5
207
37
-33
-87
-113
-131
-85
-68
-61
-29
-24
-40
-4
88
207
174
317
341
172
125
272
235
248
310
206
121
225
102
-92
-126
-53
-30
-20
-83
-51
-37
-73
-45
-41
-14
-46
-65
-41
60
199
316
564
545
507
392
459
449
207
118
117
38
51
45
-42
-58
-7
-15
-51
-35
-56
-50
-41
-70
-32
-35
-52
-42
8
-8
-62
-17
-38
21
-42
30
5
-4
69
36
38
-18
-15
-53
-64
-75
-73
-18
-32
-47
-32
-71
-40
-55
-26
-49
-65
-65
-62
-67
-64
-68
-20
-60
-25
-17
-19
-20
-28
-74
-50
-55
-14
-42
-38
-17
-58
-75
90
95
41
64
39
90
83
94
75
38
94
85
47
69
36
88
69
62
91
70
76
49
52
74
35
54
89
82
91
68
78
88
38
79
30
-7
31
23
13
-1
-62
-13
64
-6
-11
46
58
25
47
62
25
57
65
78
71
58
65
71
69
35
72
55
10
-31
-33
-10
-136
-162
-177
-116
-105
-130
-113
-67
-41
-8
47
3
2
57
88
73
55
90
68
34
66
30
82
47
-1
-5
-89
-171
-213
-231
-317
-471
-349
-380
-295
-195
-144
-28
-6
58
103
64
60
72
57
73
64
94
48
53
74
51
-4
13
-134
-193
-254
-290
-272
-203
-259
-300
-152
-110
-104
106
228
262
271
221
144
67
28
43
53
88
94
91
97
109
30
-1
-42
-19
-80
-122
-77
-188
20
-30
74
54
85
88
104
172
213
334
94
8
50
40
42
75
50
73
106
137
86
41
23
36
-111
-183
-202
-259
-280
-268
-267
-110
-300
-105
-62
-47
214
404
96
-5
91
62
62
93
62
71
96
204
107
90
-16
10
-133
-121
-320
-266
-294
-259
-232
-41
-173
-130
-76
-55
125
317
92
57
95
77
67
60
70
8
34
152
14
41
-97
16
-172
-39
-158
-195
-340
-227
-284
-145
-59
-139
-75
-19
-97
137
74
116
41
59
92
57
36
-57
-58
-37
-128
-58
-92
-45
-145
-97
-85
-44
-450
-202
-20
-88
34
-31
31
33
4
52
-157
-61
17
46
95
26
16
-69
-110
-135
-159
-43
-33
69
-59
77
147
-195
-610
2
-124
34
-45
111
-128
-48
-48
-320
-196
-147
-18
80
82
25
-33
-89
-144
-93
55
-5
130
263
258
170
370
-426
-627
192
305
70
-13
5
-195
-87
-88
-283
-260
-71
27
79
52
-1
-32
-111
-206
-41
100
285
289
53
330
385
684
30
-382
185
229
-9
-54
34
47
143
60
-192
-67
-8
46
76
58
72
-5
-90
-69
129
346
289
285
295
360
535
355
-193
-37
273
118
186
156
132
291
177
146
-63
-97
-18
15
69
79
75
57
48
247
363
291
347
139
207
239
341
257
-190
-22
97
287
325
192
367
79
63
124
-80
-101
3
-17
76
84
70
83
99
197
148
152
260
232
315
236
274
138
-150
42
157
330
262
-3
149
-113
-26
144
-78
-242
-76
40
84
71
88
50
-24
-151
-9
53
319
349
104
-37
-49
14
-13
153
426
352
259
151
128
180
130
-63
-146
-193
-90
-14
47
47
49
66
-93
-148
-82
-87
155
269
96
-26
-64
-7
147
411
260
328
171
177
-126
-30
67
-133
-68
-158
-134
-5
38
74
37
55
-62
-30
-35
2
23
105
101
-239
-85
200
283
212
157
209
-215
-63
-68
44
29
-275
-154
-123
-67
71
95
36
74
35
11
-27
43
-19
-90
-187
-266
-330
-164
-341
-109
100
58
9
-189
-146
-251
-192
-52
-342
-182
-71
-18
56
64
43
42
29
-34
-87
-117
-194
-349
-379
-316
-375
-126
-177
-322
-86
-1
-63
82
-131
-241
-168
-72
-163
-172
-19
-23
58
61
89
60
64
-25
-60
-149
-343
-359
-120
-129
-149
-41
-172
-164
-40
37
-98
45
-87
8
8
22
-31
-13
8
22
41
47
80
48
87
-11
-38
-109
-169
-209
-199
-225
-160
-101
-169
-38
-158
-144
15
84
30
236
62
204
54
6
3
6
42
76
95
72
94
35
46
6
10
-46
1
-24
-80
7
-67
-67
-65
-72
94
47
108
109
191
162
-22
20
57
89
53
92
73
92
73
63
59
22
16
-41
-82
-18
-10
108
-150
-129
-31
-95
-7
-89
-63
42
67
57
46
42
6
72
38
95
54
46
89
96
45
39
-37
-119
-242
-217
-94
-176
-295
-209
-235
-161
-246
-278
-254
-292
-169
-94
4
30
61
63
38
42
40
52
89
68
52
40
-2
1
-67
-189
-189
-242
-267
-293
-408
-373
-336
-291
-284
-208
-95
-46
24
48
34
92
59
67
89
61
83
60
88
60
82
54
29
27
33
28
8
29
-46
39
39
35
31
51
38
68
72
32
80
64
85
81
-35
-52
-44
-72
-33
-33
-40
-42
-19
-18
-53
-72
-55
-25
-62
-35
-40
-50
-57
-15
-53
-60
-58
-44
-56
-54
-37
-26
-29
-16
-18
-52
-74
-24
-25
-77
-70
-44
-74
-33
-23
-56
-77
-20
-41
-26
-45
-67
-36
-56
-73
-34
-40
-33
-66
-36
-46
-17
-78
-21
-73
-47
-18
-66
-36
-32
-91
-95
-109
-124
-125
-99
-32
4
-33
-35
-74
-91
-114
-66
-73
-24
-28
-74
-78
-48
-58
-58
-40
-88
-94
-65
-95
-110
-130
-132
-81
-71
-95
-48
-61
60
82
118
99
146
57
-36
-68
-24
-43
-48
-72
-43
-78
-48
-101
-168
-139
-122
-335
-252
-55
96
68
-133
7
218
73
112
282
103
-153
164
108
162
257
37
-14
-46
-80
-73
-51
-44
-198
-183
-272
-193
-139
19
118
74
-28
-26
-90
-102
1
165
116
15
195
61
211
218
310
165
-31
-46
-31
-24
-49
-159
-214
-170
-139
-44
43
-55
-108
-44
38
-47
122
-31
-30
-37
85
203
152
4
173
184
533
315
63
4
-51
-38
-51
-159
-399
-270
-45
89
187
-37
139
153
27
-27
176
-133
49
-11
-25
41
41
129
178
287
504
497
101
-67
-42
-25
-39
-142
-489
-289
-123
-118
103
55
41
183
-1
-100
-97
-183
-13
29
-12
26
209
187
122
472
808
573
151
-52
-70
-67
-84
-171
-401
-273
-36
3
135
-25
123
337
107
-65
-139
-297
-375
-169
28
-48
3
286
196
451
1027
821
151
-50
-78
-38
-74
-169
-154
-156
-11
183
243
308
220
229
247
98
-8
-125
-216
-249
-286
-263
-161
2
58
486
1082
946
206
-13
-51
-73
-71
-160
-107
-69
196
139
189
100
140
105
136
307
65
-131
-68
-171
-114
-300
-470
-406
-376
9
402
596
122
-68
-60
-41
-30
-77
-50
51
242
31
-15
-45
231
92
128
155
-126
-95
-244
-292
-207
-220
-260
-516
-758
-722
-632
-16
68
-78
-58
-28
-25
-41
52
145
-31
143
-6
49
86
204
344
154
-52
-201
-340
-192
-150
3
-53
-200
-267
-553
-527
-165
-55
-66
-45
-39
-35
-76
-3
-55
-125
28
-44
109
168
-10
58
-3
-55
-65
-200
-231
-149
-231
-80
-83
45
-105
-219
-167
-78
-23
-74
-35
-24
-64
-74
-168
-154
-179
50
106
56
-73
62
-35
-246
-192
-126
-187
184
9
-90
-20
-114
-12
12
-107
-58
-84
-65
-30
-69
-43
-113
-160
-164
-316
-188
-298
-107
-158
-29
-44
-237
-108
-198
-86
-90
44
58
-12
170
85
-40
-89
-98
-72
-70
-31
-50
-36
-5
134
317
-179
-265
-198
-235
-200
-381
-321
-257
-40
25
117
176
19
73
50
24
119
35
-157
-113
-58
-51
-28
-80
-47
206
228
428
172
-14
-134
-128
-76
-70
3
46
28
34
89
-102
35
70
21
58
78
141
-90
-52
-55
-54
-74
31
27
239
179
258
89
242
51
32
99
69
117
-8
3
-57
-102
19
12
180
107
85
189
173
-76
-71
-45
-60
-18
-20
1
56
279
134
-76
142
155
-21
92
119
125
-50
-36
111
118
87
89
-12
51
355
116
50
28
-72
-37
-54
-32
-79
-3
158
126
132
180
99
98
52
111
92
61
185
82
-21
92
45
40
204
273
306
136
82
-2
-76
-68
-47
-50
-63
-58
125
-71
-128
17
-15
-20
-142
80
63
163
59
-16
91
17
138
134
85
57
189
121
50
2
-19
-56
-23
-49
-23
-50
77
118
-46
-102
105
41
224
45
93
-67
30
-53
100
-19
-136
-23
62
-9
54
76
-8
-54
-58
-18
-55
-32
-73
-78
-69
-16
-65
52
57
304
157
112
105
197
141
153
64
200
133
50
16
-28
69
32
10
-53
-43
-47
-35
-30
-51
-57
-46
-77
-8
-36
-71
87
116
192
182
156
84
226
213
163
67
31
-7
49
120
25
-12
-50
-47
-66
-52
-80
-48
-79
-23
-41
-45
-97
-131
-90
-53
-3
-17
-14
-78
15
5
-101
-135
-77
-75
-48
-24
-69
-25
-18
-79
-79
-17
-41
-34
-64
-53
-45
-51
-57
-36
-57
-57
-35
-41
-58
-86
-24
-32
-72
-59
-38
-98
-60
-21
-45
-48
-38
-60
-72
-21
34
8
-7
0
33
-20
8
9
-1
25
29
38
-6
31
14
-13
2
27
28
1
11
38
-2
-23
-4
25
30
22
28
27
34
18
10
67
47
80
45
81
87
109
65
36
27
-17
-6
42
36
54
3
43
28
3
-4
32
-7
20
34
26
15
7
28
56
122
146
144
250
244
329
304
318
220
158
158
168
211
147
163
129
65
-33
27
24
-3
37
7
24
2
45
10
61
127
164
153
194
248
210
232
171
173
-10
11
205
176
83
123
169
177
48
-55
24
29
29
4
39
-23
53
-29
-5
57
64
13
17
-107
-55
-36
-12
-132
39
46
-62
91
120
136
215
205
-51
-71
3
18
-5
15
39
-2
4
-129
-41
-93
45
-20
47
-297
-166
-241
-79
-179
-221
-108
54
152
84
54
32
195
38
-77
45
19
36
34
40
-40
-38
-79
-124
-66
-75
-77
-207
-170
-130
-245
-187
-157
-227
-127
-175
-171
-122
-55
-37
53
43
-35
-1
50
-21
-8
3
-51
12
-41
-185
-78
-74
-111
-127
-40
-87
-255
-150
-117
-265
-125
-233
-280
-217
-154
-225
-126
65
-57
-11
15
14
19
-21
-5
1
-8
-173
-135
-118
-72
-171
-149
-146
-138
-268
-309
-284
-310
-529
-437
-293
-226
-298
-304
-241
-151
-59
-9
-3
15
20
-25
26
-100
-153
-106
-37
-144
-204
-119
-117
-289
-187
-320
-361
-520
-445
-366
-218
-189
-348
-290
-274
-233
-119
1
32
8
-20
-50
-35
-105
-111
-26
70
-135
-76
-167
-214
-98
-181
-412
-324
-365
-337
-286
-188
-242
-342
-108
-212
-267
-75
9
6
-5
-24
-54
-46
10
-106
100
48
145
47
-43
129
164
-148
-421
-178
-263
-262
-146
-107
55
11
213
-37
-297
-105
6
-4
19
-9
0
-70
15
120
202
111
174
38
260
209
169
-158
-258
-70
-144
-179
-227
-85
18
213
493
199
-201
-117
19
28
40
-14
-41
-120
78
301
86
-4
105
210
36
118
97
-78
58
89
-173
-115
40
-79
169
315
550
284
-157
-136
9
19
34
28
-25
-156
34
184
-17
112
252
249
351
106
-79
-4
121
114
-156
-120
-69
-7
118
271
344
219
-56
-131
-5
-21
3
-13
-14
-263
-35
140
146
149
140
185
234
79
59
240
101
4
-21
-14
25
87
145
31
109
56
24
-125
5
11
0
-19
-73
-264
-4
223
208
240
311
292
543
52
93
171
-15
-100
-166
88
146
-4
3
-51
27
25
-14
-65
12
20
40
-16
-30
-325
-82
51
115
234
320
453
437
85
88
118
11
-81
41
113
150
47
76
50
84
-14
10
-43
19
33
7
-1
-71
-258
-211
10
79
133
221
165
134
481
220
3
23
193
181
190
-5
-71
24
13
61
-30
50
-11
22
34
3
-12
-68
-197
-193
-5
64
-71
235
370
494
484
163
272
210
127
194
30
76
62
102
138
2
-61
-26
3
36
8
6
23
-51
-112
-161
-174
56
-47
199
406
206
388
232
501
317
120
68
184
64
157
35
-38
3
-85
-52
-24
8
5
15
8
-45
-135
-221
-275
-47
142
138
203
243
434
368
321
225
200
331
265
75
87
-86
-13
-64
-27
-16
-19
5
24
-14
-10
-15
-23
-136
-249
-169
-54
45
133
62
244
237
90
259
105
0
-11
-26
12
-33
-78
-101
-74
-5
11
26
18
-6
3
3
27
-36
-110
-172
-231
-173
-249
-202
-115
-74
2
17
-83
-57
-3
-1
-25
-16
-59
-25
-37
14
-23
-18
3
37
4
-20
-8
-41
-29
-49
-94
-158
-216
-351
-282
-289
-308
-228
-152
-72
-55
-101
-15
-1
-14
17
39
33
-13
11
-15
0
23
-12
-6
-18
-21
15
-41
-19
-68
-39
-63
-81
-73
-65
-51
-66
-46
-31
-28
-23
10
3
33
41
7
-1
20
22
12
23
6
8
27
28
-18
-13
3
-17
-23
-25
-15
-8
-31
-21
4
-18
6
-29
-11
7
-19
28
-5
-22
20
-10
-3
21
35
41
33
-5
20
22
-11
38
-5
0
-25
9
31
38
-2
-21
38
36
-16
-3
31
16
7
2
4
47
41
12
30
1
32
-11
43
27
-1
35
15
32
29
35
42
-10
36
-8
32
-12
29
-7
38
51
3
4
-4
3
48
43
0
2
7
3
3
-12
38
-9
12
14
46
16
17
-12
33
15
-4
51
39
51
4
17
16
-5
-11
31
25
30
4
34
45
40
9
7
10
-20
6
22
14
-31
-17
23
7
27
18
-3
23
35
14
-8
-6
11
1
12
20
41
38
44
21
12
14
-18
-27
-106
-84
-77
-87
-33
-61
-47
-13
-37
31
20
-12
7
20
40
43
14
38
-1
-9
-3
47
-22
8
-21
-57
-173
-185
-216
-218
-250
-278
-236
-255
-210
-164
-81
-27
-23
-35
-34
-10
33
-8
33
27
20
29
48
44
94
34
37
113
83
-8
-62
-68
-144
-195
-254
-277
-339
-368
-374
-341
-197
-151
-33
17
6
20
10
24
25
14
74
29
128
175
212
211
69
141
298
180
-101
-63
21
16
68
-83
-86
-135
-23
-63
-121
-51
-13
-5
-8
-11
12
62
150
116
112
205
211
74
170
196
152
168
113
-81
121
132
213
251
134
219
83
13
-39
-38
-49
-17
-7
28
49
88
195
157
190
216
391
197
98
24
208
292
48
128
271
180
112
274
96
138
-34
143
42
-120
-115
24
31
-5
93
131
235
243
158
111
113
43
97
-69
136
336
137
348
268
255
397
224
211
-18
205
157
-42
-76
-18
49
60
45
79
217
287
306
226
106
69
-82
38
-74
-110
-142
260
268
403
491
235
268
356
353
275
163
-48
-109
-14
9
15
52
77
297
309
357
102
-25
117
-31
103
227
242
-25
97
285
294
330
313
423
186
274
166
128
-119
-115
-42
-6
-6
47
92
256
383
338
135
-19
261
335
17
-7
31
-508
-655
-78
327
380
333
292
-13
61
85
116
-154
-142
13
11
46
20
47
143
293
228
145
169
74
-17
-139
4
-196
-784
-757
-75
101
210
114
-2
-135
127
48
17
-24
12
12
28
-11
35
10
86
174
96
146
-49
-55
-33
-177
-143
-341
-721
-409
-107
-14
42
191
369
459
294
34
171
213
12
-24
11
42
48
-6
36
79
3
-100
-42
-150
-220
-209
-131
-369
-438
-168
-290
42
-183
457
426
187
288
268
310
186
-6
-50
30
35
-9
14
4
14
42
-171
-73
69
-39
-172
-330
-543
-171
-112
-394
75
60
284
110
141
187
122
34
-33
-68
-88
17
33
14
40
36
-39
96
-1
-104
-129
-163
-170
-427
-181
51
-5
13
81
-71
-39
-2
-31
84
-20
-10
-97
19
59
18
12
10
-11
17
-9
27
-74
-311
-278
-267
-261
-285
-126
-105
-68
-69
-106
-238
-125
-27
-29
-61
-113
-185
-221
-109
-22
64
51
31
20
62
-43
-95
-199
-267
-399
-243
-172
-305
-293
-176
-151
68
-156
-223
-229
-275
-110
-250
-305
-367
-259
-56
17
9
42
17
15
44
-94
-176
-278
-382
-369
-219
-259
-224
-206
-93
4
8
-159
-251
-391
-449
-328
-473
-476
-394
-179
-26
19
-1
29
33
24
-54
-122
-189
-237
-333
-289
-203
-228
-207
-228
-108
-252
-231
-144
-15
-256
-279
-342
-362
-414
-369
-177
-34
28
33
21
42
41
-27
-76
-135
-87
-98
35
-87
-197
-140
-229
-63
-253
-48
-116
-38
-172
-207
-268
-333
-358
-328
-216
9
28
-4
0
8
15
-19
-81
-2
151
253
281
-181
-170
-120
-211
-284
-263
-82
-2
-70
-40
-218
-281
-358
-356
-267
-225
-32
6
45
12
10
20
12
12
57
259
325
214
98
7
11
13
-11
55
38
-3
-62
18
-112
-185
-179
-137
-166
-193
-34
19
35
10
-3
49
8
36
102
111
11
92
205
254
141
389
293
184
183
133
119
132
157
78
-66
13
-44
-69
39
38
30
-8
40
28
49
-8
-5
-40
-116
3
80
84
168
116
25
266
279
319
209
227
266
212
24
60
47
-14
-3
16
5
-5
3
-3
2
38
24
14
-6
46
32
58
39
19
63
124
93
111
105
93
97
94
25
53
50
2
40
49
28
-10
-18
-63
-29
-45
-12
-31
-34
-41
-60
-28
-38
-38
-26
-47
-65
-18
-26
-17
-27
-20
-3
-13
-47
-44
-10
-58
-45
-50
-25
-42
-22
-13
-42
-48
-37
-55
-37
-26
-43
-12
-44
-9
-27
-18
-54
-61
-19
-22
-48
-20
-3
-54
-50
-63
-35
-59
-63
-4
-35
-22
-57
-7
-27
-61
-66
-29
-49
-68
-77
-83
-53
-86
-99
-84
-17
-72
-62
-21
-45
-18
-47
-47
-10
-21
-47
-6
-62
-53
-64
-18
-46
-66
-25
-61
5
-2
-59
-38
-65
-89
-84
33
12
-76
-67
44
44
-11
-27
-4
-8
-28
-27
-23
-4
-16
-67
-73
-38
-68
30
116
141
163
186
131
293
262
261
133
140
34
84
-2
-7
-25
43
16
-19
-31
-41
-15
-29
-25
-28
-99
-77
-27
4
59
-45
145
191
135
174
84
184
331
-20
93
126
22
-35
-102
22
106
-43
-56
-64
-28
-61
-80
-86
-95
-126
-73
19
2
-74
5
211
74
74
306
86
179
-155
246
37
-5
-74
143
69
80
-68
-21
-43
-34
-67
-52
-48
-15
-121
-19
144
-14
-4
-101
-57
16
-229
187
14
-199
47
-8
-12
144
-8
261
292
80
-29
-26
-56
-51
-58
-11
-63
2
114
125
61
160
71
-65
111
159
-193
-137
133
-88
136
181
55
93
13
207
435
179
96
9
-22
-12
-41
-59
-24
54
103
103
119
213
75
65
23
17
-154
-379
-116
44
-50
95
48
140
1
259
201
133
89
-72
-47
-27
-72
-89
74
30
50
125
84
187
311
206
270
6
-17
-270
-210
-177
104
263
148
98
140
162
-88
-78
-11
-52
-3
-11
-11
-21
45
146
82
281
209
283
156
117
218
195
401
42
-86
-129
-108
-37
-21
18
167
325
249
17
75
-38
-44
-31
-52
35
44
209
25
124
-28
159
-140
-38
41
351
232
55
34
48
-74
175
143
270
328
494
397
52
24
-32
-22
-47
-29
6
-75
52
-32
7
-32
32
-137
76
137
351
5
291
111
-167
-29
75
154
-87
83
139
161
59
-47
-15
-39
-16
-12
-38
-131
-92
-115
-245
-211
-173
3
156
160
246
231
177
39
15
-48
-58
-223
-133
-274
-236
-108
-14
-66
-9
-5
-59
-59
-29
-95
-214
-220
-166
-118
-11
-91
-81
102
295
325
105
-73
-56
23
-101
-211
-201
-190
-235
-211
-82
-95
-63
-9
-33
-19
-43
-115
-285
-142
-23
19
-5
4
28
274
139
106
26
53
13
-145
-289
-289
-332
-280
-25
-184
-88
-95
-38
-48
-27
-8
-59
-139
-211
-108
62
59
217
110
226
308
151
78
-173
146
-100
-296
-93
-60
-116
-84
58
-28
-198
-67
-25
-47
-42
-25
-82
-171
-72
38
54
68
226
255
246
134
75
-90
14
-121
-179
-59
-100
9
-142
30
90
-68
-167
-35
-38
-65
-35
-68
-126
-211
57
51
-34
72
143
180
-103
3
-164
-136
-16
38
-12
39
97
-8
-28
178
149
-97
-117
-65
-16
-8
-42
-24
-168
-206
-31
20
286
81
-51
164
-148
-23
41
-168
96
-166
-73
-95
6
70
172
185
115
-144
-128
-64
-9
-26
-14
-52
-135
-116
-65
145
206
-5
138
-88
-67
-140
107
10
53
-120
17
-58
-37
93
71
91
-52
-174
-114
-47
-5
-59
-37
-16
-71
-83
-146
55
29
-97
-47
35
109
151
153
189
81
-115
-63
-23
-89
-70
50
-46
-13
-53
-24
-29
-49
-45
-63
-66
-26
-81
-282
-273
-195
123
17
-33
8
182
310
134
200
195
7
82
135
100
48
-51
49
-47
-48
-12
-46
-40
-50
-63
-59
-170
-224
-300
-218
123
99
35
193
205
128
106
240
331
-83
202
362
123
-75
-104
-26
-39
-38
-42
-22
-58
-15
-21
-16
-118
-196
-122
-150
-196
-158
80
56
-22
-10
151
237
186
224
136
58
-15
-35
-47
-83
-44
-41
-46
-44
-11
-15
-38
-59
-45
-63
-102
-70
-59
-90
-92
-54
-58
-97
-121
-141
-78
-44
-64
-80
-65
-41
-66
-55
-2
-9
-58
-49
-7
-53
-52
-37
-16
-46
-7
-56
-46
-30
-52
-29
-49
-17
-31
-4
-56
-11
-65
-54
-17
-7
-67
-56
-51
-47
-6
-31
21
10
8
22
28
43
22
0
44
0
43
27
-12
24
35
30
-13
23
16
43
-2
26
12
35
24
-8
18
46
5
13
28
-10
-7
18
26
39
39
38
46
-16
37
16
7
-19
13
-22
-1
46
44
-13
30
36
-6
13
36
4
-1
-12
-13
-7
21
32
9
43
9
34
19
10
-27
-29
0
11
3
22
-18
33
29
4
-12
1
-10
35
-9
13
1
17
1
32
23
46
39
33
-20
-25
-27
-26
-48
-74
-106
-144
-114
-91
-26
-14
7
9
12
-8
-13
16
6
37
42
-9
38
28
2
22
-11
28
-51
-79
-124
-182
-189
-198
-256
-296
-313
-240
-225
-205
-154
-89
-80
1
-23
39
43
37
50
9
16
20
-14
10
-18
-96
-137
-136
-92
149
135
132
-170
-8
-310
-191
-130
-100
-161
-188
-227
-137
-20
-14
30
18
27
43
-2
12
-10
-135
-197
-172
-158
58
-22
65
112
223
266
115
240
162
204
28
48
-59
-264
-210
-83
-51
0
-9
-4
32
-3
-50
-153
-267
-188
-222
-22
75
13
-22
209
335
384
363
356
227
56
47
125
-34
-115
-179
-127
-85
-23
23
10
20
-38
-160
-211
-233
-27
-188
126
-42
-67
-66
-209
104
310
140
59
-18
104
-25
-42
148
-24
-65
-120
-62
-15
40
27
-4
-55
-130
-214
-40
202
58
32
31
140
95
-20
46
116
250
18
-28
34
-15
29
-176
-55
-173
-177
-94
5
44
8
-41
-88
-142
-126
99
173
14
120
47
150
112
91
-123
-14
-52
67
-31
82
16
6
-18
-30
-73
-223
-69
-44
29
50
-6
-115
-177
-6
209
177
60
341
179
227
235
103
70
15
167
280
268
149
102
355
299
249
30
-163
-47
18
45
19
-19
-71
-84
205
272
296
137
200
292
239
181
-247
51
238
283
195
297
230
297
269
365
236
236
-155
-82
-12
-3
15
14
-66
-61
351
259
58
157
201
4
99
-20
-142
68
186
172
308
189
174
352
240
269
119
-156
-232
-126
-32
0
40
2
-44
5
183
33
178
141
41
18
-3
27
-148
46
52
152
281
216
104
89
184
110
-57
-336
-237
-93
-12
13
0
8
-45
-19
99
77
23
31
101
-72
33
-29
-138
-123
-158
135
216
268
41
31
65
-88
-162
-279
-282
-79
-46
42
10
26
-16
-20
45
25
-92
-54
97
-108
-16
-22
-138
-182
-26
14
197
147
47
-153
-195
-256
-161
-395
-278
-54
13
22
-2
30
-33
-92
-146
-164
-136
54
34
-63
22
-83
27
33
-54
265
-14
16
-63
-131
-24
-173
-246
-331
-287
-32
23
-12
0
44
-1
-118
-222
-291
-91
-101
-133
-44
171
78
-298
-140
127
122
-88
-55
-129
-18
8
-149
-248
-361
-221
-33
18
-1
22
23
6
-95
-185
-183
-158
-29
-109
-269
-176
-237
-183
-108
-142
-228
-128
-190
-167
-10
35
-241
-256
-187
-87
-34
15
-1
43
-12
5
-89
-115
1
-99
-195
-200
-384
-463
-476
-447
-181
-259
-238
-100
-157
-159
-24
-146
-226
-147
-78
49
14
-18
20
29
-4
10
-79
-81
-27
-60
-114
-158
-123
-142
-257
-231
-273
-267
-277
-160
-271
-212
-127
-162
-118
-115
20
97
7
-10
22
5
23
-16
-27
-77
-168
-199
-188
-29
-63
-4
4
-35
-163
-6
-179
-91
-150
-202
-359
-106
-66
14
87
90
-11
-13
49
38
25
22
34
-50
-103
-176
-162
19
-235
-118
-129
-61
-79
39
-82
-121
-122
-133
-72
5
153
267
169
64
-16
-9
31
-1
-12
-14
-14
24
3
0
103
120
-121
89
-95
-150
-186
-328
-11
8
18
44
89
269
274
236
185
7
-40
-8
20
45
31
-3
-4
36
157
238
222
280
161
186
102
165
100
270
113
153
135
259
388
477
311
89
75
25
26
16
33
29
-14
11
46
82
141
236
247
298
391
426
370
480
411
558
382
320
307
376
251
212
169
29
13
10
-4
8
41
33
6
31
22
41
-5
-6
17
21
40
52
7
35
-52
34
8
-21
-45
14
-26
39
3
29
41
-10
28
27
4
