-2010
-1351
2192
1299
-803
-1233
725
-2310
1274
3257
-1856
3310
1233
-2979
-429
2849
1456
-1279
1725
-2063
-3085
-2508
-1179
-257
-1722
2328
-2261
-2732
-3011
727
2615
749
3185
1657
2658
3165
341
3227
-37
-1668
-356
1217
-1247
2975
-1791
-1181
-1778
-1066
-3649
948
-1604
-3184
861
-2386
-1442
-436
-2579
-2080
-189
-174
-1805
-1493
-1629
-1765
-127
-2124
-32
-1871
2496
-2358
2670
-2372
1847
819
-2144
1916
-1849
-3055
870
273
992
-2401
-1857
1363
-3090
2765
-526
873
-1378
-2367
-3615
-2138
2728
3486
-429
-894
-1652
3436
-3257
-673
-2443
-1916
2064
-2184
384
-981
54
-1228
-1602
-1609
-3057
-134
2826
3297
-3485
3080
-2790
1827
2923
-2448
-1243
-898
-1129
120
-3620
-570
2784
-3042
-117
-138
2083
3425
1527
-1668
1254
-1124
1977
1296
3521
2704
-3346
-1546
2672
744
-1148
-3276
1938
-3675
-3002
3639
2035
2715
-168
-2442
251
-547
-2484
-2463
-1783
3267
3589
1502
1645
1714
128
-2378
2784
2805
1545
3196
3539
26
1899
860
-2839
-1357
-3187
2852
-3524
275
-2377
-2603
-2464
2779
-41
-1173
3681
339
-1450
-954
1444
-2800
1904
2829
-183
-462
-2631
-570
1949
-634
884
-3364
-2066
-2184
3548
-3358
-2099
-3455
1029
1129
-1139
-3418
-479
-2423
-540
-938
-2056
2519
1420
-216
-740
-2882
760
31
2989
3457
2283
2704
-31
-931
-155
230
2342
-2573
741
2993
-2046
-1564
2523
1120
3432
1048
3313
2410
1288
-2286
-2112
2677
-1224
1375
-476
-300
-3608
2376
-1390
-1201
-3158
919
2054
81
-164
2006
-2973
302
1835
-986
2773
-318
-2832
3516
-325
1864
-3109
2277
-2566
-2765
-1648
-555
-108
-529
-3432
715
1784
3530
399
3184
3332
-2120
-3197
-2436
1802
-1762
-2859
3269
1354
3378
-1257
-2269
-2678
3269
-2476
2229
-2126
2676
-3269
-874
-723
3511
2932
-852
-555
1586
1033
2906
1380
113
2954
-1246
-977
-1095
-77
-3430
-347
-1352
-1893
-1862
2194
-844
3544
-643
1458
-1435
2407
-2115
-1658
-1530
-2733
1848
-505
-2758
267
-86
39
1567
-3196
-59
-3306
3510
1179
-2439
3093
-2396
-1072
-3336
-949
1706
-2788
2042
-538
2229
-2404
2966
1676
-3331
-153
-3203
1640
-1008
2021
2820
-2386
2288
-842
-868
1138
3496
1345
-2057
-3683
-2865
-1514
-3178
-3198
3291
-2568
-1224
3434
248
1421
-1566
1224
-2484
-1135
2998
1692
-279
-310
1786
-753
-498
499
441
-292
770
-2581
1761
-2488
2275
536
3213
-609
1168
-3145
-1449
-2490
1242
-2794
-11
-1823
-2449
2310
-1889
-3098
-793
-2133
1578
875
3310
2590
-1430
2661
-1821
2606
-2617
3160
475
-314
-716
-903
-2527
967
-1063
2805
-2775
-236
629
1688
1144
-542
1707
1548
-873
-531
-1073
2046
-2632
2326
650
-950
3262
3375
3455
-2942
-70
3103
-3621
-1475
-299
-1636
527
267
2537
-1920
1888
-48
3430
2642
-3535
-741
-1806
-88
3658
584
-3178
1824
-2206
-275
1002
3043
-1170
1217
-3426
-3226
-550
662
-1597
1789
-1321
-1694
1444
1538
3511
-2708
-2976
2446
-1650
2995
528
750
-3652
489
2732
3641
-880
-2448
2977
-631
-352
-227
350
-3239
-3574
1969
978
-780
1139
1569
-1540
-796
-1862
-2668
677
1752
795
-1803
1043
-656
-394
-3590
2057
2930
-1536
-1018
-63
-754
-963
1813
1132
-1321
992
1353
-442
-1764
2676
-3644
1617
2278
-2131
516
3554
-1463
849
-636
-435
1863
333
-1641
1780
437
-1416
716
1786
-3214
-2467
-1086
-1849
489
-3325
3079
1736
-593
-2566
-3224
1764
490
-626
-1372
-3287
1905
-2132
-1713
-1969
489
-1546
-2885
2748
-2409
-2094
1773
-301
3205
2910
448
-2478
-1417
1207
-1495
95
-2785
451
3257
903
-1570
-2833
723
380
1882
-3673
-2566
848
549
1493
2904
1976
816
3643
-1204
-1911
-1706
946
-2805
-679
-1148
-2807
2426
2462
-1833
-3029
938
-2182
616
-806
2659
-1388
146
-3081
-999
2970
-2615
1864
-366
474
2909
2958
-473
3641
-1589
-2043
857
667
153
-1422
-491
342
-3490
-3207
-3402
2499
884
-1377
549
2782
-2952
-2239
-1255
-308
-1047
2569
336
-3123
-1747
53
1909
949
3658
-1309
884
3386
-386
-2499
-1992
-717
-2767
-183
3465
2789
709
3222
948
-3091
1139
652
1073
-1774
1716
248
3443
-2739
188
2602
-2454
2005
3204
1754
1130
-2091
3158
-3079
-990
-3275
-242
1746
14
-1961
965
1758
-1816
-1266
-2165
-344
-3252
-614
-3063
-1765
3621
-3175
-1511
-882
2437
-2849
3154
1635
2939
2357
647
-3295
2975
614
-2437
3339
-2478
-2245
777
1753
-2713
-781
-378
-312
-155
-355
-3557
3205
571
1519
1200
3368
396
-1086
1864
-2345
695
1760
511
2515
-2629
2319
3263
2578
-880
-2558
711
-1770
1484
-1359
1617
-808
-180
3028
-751
-3298
3406
-2469
-1535
1954
-3683
1902
-59
1249
-1207
-1451
3356
2908
1024
-1115
-2949
-3198
-1668
1732
-1781
-1783
203
1985
3550
3394
516
1076
-1227
-2588
952
-2554
2876
-2598
1238
-3289
1380
-2230
1144
2505
-3496
-1131
-2724
-1698
-1109
3473
-1000
1404
-1690
-1862
-791
848
660
-737
-2343
2454
430
691
1687
-2127
3325
2148
2179
1828
-2175
1120
-1891
215
2884
249
-3198
1803
3500
2072
1213
-3128
-1583
-3319
-674
1007
2363
-886
-941
-2239
-3310
1405
-465
566
1481
-737
2579
-142
289
2328
-1479
1709
-1686
1927
833
3364
-193
1676
-3212
1591
304
-1985
2223
-2233
32
1066
-3032
493
-2844
3037
-2033
546
3232
-401
-3604
-873
690
304
3412
-2990
-2841
-882
-471
2332
-2402
-3518
1480
-395
-3385
3170
-3352
-167
-1025
3350
-575
-2134
2658
162
-2511
-2683
740
-3239
-1134
1341
1591
1165
-2651
-3545
1093
-888
380
-2746
-2646
-2471
1565
-2168
-2124
2337
-934
2284
12
563
-1052
-221
-711
328
2892
883
596
955
-3563
-1987
-630
3513
1781
3035
420
2723
-256
2997
3628
1216
-139
1556
3326
-268
1402
-3337
604
-1445
1962
-1533
749
-13
3667
2739
-3039
3047
1964
-2865
1825
3097
-1473
410
-2560
-968
-53
-499
-2293
3554
-3550
-2386
-1482
-1854
-3242
-717
-1919
-1232
-2894
2689
2109
-3577
-3452
1225
-1692
-1066
-110
3282
-2799
-1038
1935
656
-989
79
-3425
-1115
1430
-3559
-93
-2405
-2294
-1464
-2100
-2855
-1590
1950
614
2014
2491
1591
-2179
-868
-1488
1848
863
960
2720
-1934
-1690
1147
2575
-3605
3039
-1714
-1296
1044
3066
-3200
-234
2293
-28
747
1585
944
-3581
2869
-1880
-530
2538
-1104
-463
785
-1103
-1635
158
-2368
-771
-2117
-2776
3470
2386
3381
-609
-1766
2949
-1804
-522
892
-2123
-106
2145
736
-1228
-2631
-388
-253
-1642
-818
-887
-2877
2985
2185
778
-1799
407
-985
-2125
-1620
574
-1478
1027
2650
1763
2838
2822
1863
-101
-2078
-3283
-853
-2821
-2825
-1491
-1169
3514
-2649
901
-3461
2536
-2881
-820
-61
2151
-157
-1654
2190
-2208
3431
1092
-3505
3381
2678
-2192
3545
-588
3523
115
-690
-953
1792
1988
2351
1997
-2602
-3304
-1465
-1249
-827
511
-1668
3507
-902
-2093
-740
-383
361
-2302
-391
3245
-2716
2216
-1892
-1262
2877
-280
3148
-3585
388
-3137
38
1894
-2633
-2057
2511
1854
522
656
-2240
118
2939
-497
-3163
3249
2073
-3139
-599
-2563
2831
1139
3168
-223
3614
-3125
-1970
2272
669
3102
-933
-3669
-234
-2668
-2525
-2105
-2195
-577
473
2408
-3477
-3230
-1147
-583
-2962
1981
-1810
3596
1127
-3188
3002
-357
2237
1639
-1560
-46
-3319
-3393
-1199
3078
1733
1951
-576
3371
489
774
2908
-1958
-2051
352
326
985
-2939
-1614
-1787
-84
653
-507
2856
-653
268
-2789
6
3332
2894
-3594
3563
424
2336
-1978
-3203
2871
-81
-1753
-1755
-872
-2059
-1860
774
3121
1073
259
-2499
-3640
2617
2638
2745
-2396
-3493
-165
-350
91
1600
2682
-53
2034
-3645
-2122
-1868
-814
2665
-2402
2471
-2516
-2529
-1019
-173
2648
666
-1551
-2563
527
1988
-428
-2019
-1457
-364
2751
3020
-2909
-3158
-1582
-3674
179
3370
1957
-1387
-3544
1090
1749
2695
2658
1726
381
-873
-1261
2134
738
3078
1955
-1949
-2809
-3621
-3118
-1009
3131
-1292
-3462
2560
-353
241
1025
-2952
146
-1559
-1882
-3487
-120
-3351
-3044
713
944
2671
3068
-47
2384
-2365
296
3144
-3210
2132
-2501
-3370
268
2749
-1230
-2005
-1382
-2011
135
-2904
-2372
2053
-2058
1269
-384
-2872
-1007
-2083
2000
2927
1385
-25
3487
-2261
-3090
-2117
-97
1797
-2978
3260
-10
2260
1466
-3020
2404
-1192
343
907
-1137
-1815
-662
1710
1127
-75
2322
-2264
2873
-765
-3528
257
-200
-1677
257
1473
3211
-3424
598
3416
-1129
3044
-1206
1752
-663
1000
1253
-2624
-2337
111
-2512
2427
1063
-3095
2695
2212
2652
-3642
-2976
-2567
-3047
1088
3403
1682
-3229
2929
-1161
-263
1607
655
2732
-2237
-2015
-2684
-1819
125
-2856
2795
2291
1957
3367
450
1421
-1609
3076
2562
1048
-2263
599
-1017
-2206
-159
935
2770
-858
-2233
-1435
538
946
-1221
2512
-566
436
2234
2833
-203
-3453
1883
-2496
600
2910
802
2680
-558
-2870
-535
2444
-1794
3376
-2600
1454
2201
-1919
1796
3067
-1252
-1758
-1393
47
2848
-1226
3370
2029
512
1344
3425
-2742
-81
-1302
3164
95
-1184
-2917
2810
-2757
184
2375
1248
2449
628
1793
593
-220
2108
-1313
-2376
-2827
-3000
1495
-1709
3035
-2558
38
2223
1556
-3519
1900
3343
-1980
2445
514
-1980
3526
3068
2195
-3670
1224
-400
-1727
2596
-2438
-2776
754
983
2065
-1539
1187
1719
3428
3635
1880
-1550
-437
-1761
-890
-2533
1484
-2532
2061
-637
-399
3386
1488
-3337
2433
679
2177
131
392
1998
763
-2672
2098
-1285
-2168
471
-1464
2295
2067
3405
-3002
1622
-1296
2870
-3404
-988
-704
1541
-2443
1874
-3042
315
2712
720
1143
1749
-1419
-621
572
-980
-1378
3555
-3673
-1640
-2549
-602
2790
962
3213
-3012
3578
2473
2844
-354
-2934
1653
-2950
3621
-2599
-152
-336
-2660
-2584
-446
-1258
286
552
1707
861
-268
438
1294
-1780
1724
1297
1117
-1718
-1428
1239
-3281
-1249
-863
-2753
972
3582
3121
-3189
248
-1176
3549
1079
2235
-3471
470
-1965
-813
-126
1230
-804
2415
-1024
-1865
-86
2826
3477
-2826
-2479
-3128
-2597
2863
1587
2110
1943
-1277
-729
-1126
160
-3088
172
-428
548
3106
3230
-667
-2987
3485
-2482
3034
-2815
-382
-1534
-1742
105
180
2083
240
3410
1270
343
2500
3318
-2227
3163
2922
703
264
-260
1686
704
499
2938
2913
3661
-596
1556
-3048
3635
43
-1055
1445
-536
470
156
1772
-387
-3306
3101
2738
-799
1197
1299
1106
1776
-2762
-1655
877
2487
1498
-2364
-1915
1183
2463
438
-453
-2466
-2940
-1413
1566
-2439
-514
3418
2343
2915
652
2019
36
-761
1972
418
-1282
959
3412
-3134
-873
766
3040
-738
-2258
-2409
-237
-1154
-3314
-1840
3399
-634
-591
-2023
-828
428
-2319
656
2523
-413
-2215
-1145
3388
728
2454
2801
443
1258
-697
-1117
-169
-801
437
3592
2213
2928
-1758
-1303
3422
-846
439
-3400
2903
2074
2117
-2774
-2627
-641
2795
-3158
-3190
1856
2099
85
-119
-2433
-2325
-2598
-1794
2663
635
833
3591
-1291
-48
2337
961
-1594
-2285
-1021
-1325
-2793
-1327
-1873
2439
-2480
79
1952
-1472
-2308
871
-690
-71
-3010
3641
-2086
1977
3586
-1385
3664
-1152
-162
-162
-1167
-1676
-2421
2298
-1688
-755
-812
1129
-2530
2479
-2632
1097
2770
-1585
-1615
2245
1274
-2513
-2333
3154
2657
263
2117
-751
-3608
-1583
-2015
2192
-2541
-722
3526
-1638
1026
1363
3071
3410
3201
595
3452
-3190
-3469
1684
829
-788
1315
2459
3633
1304
1575
1128
-342
-298
-2072
986
-1077
-3557
3177
612
950
1832
-1687
-835
3630
-1843
-898
3051
-1777
-2637
-2409
-2340
-2040
-3591
-3402
1296
1678
1664
-24
-142
2371
1102
1953
2925
483
3399
425
2557
993
3367
884
-2222
873
-1909
2514
3669
2374
-71
-459
2669
-2780
1432
-2090
-2808
2868
-2752
-1369
-271
-1870
2443
3609
-3411
2925
-550
1025
-237
-530
-446
1933
-2071
3408
2219
-2547
-3564
-1241
-2048
-2819
1808
-3038
-1275
-1567
2049
3171
4
-807
-1292
139
-1412
1560
-3338
2804
2353
-1806
-3603
1715
-2200
-452
-1205
312
2953
-977
1839
570
-2872
1512
2276
-327
-701
1939
1432
-1843
2812
2951
2078
-1766
3310
1768
-3467
2562
49
-3619
-2486
-1956
1200
-2802
-2013
-2943
124
-2326
-1951
2875
2298
-1851
3195
-1105
-2574
1297
804
176
3462
-1264
769
-2101
1532
1304
-1069
-3675
-1168
-2372
908
-1841
-2448
-493
399
-3214
3248
-2178
-860
-1475
3385
2684
-2456
2836
663
-1279
3386
1808
-2182
3580
1066
1187
-216
-776
-3634
1920
769
1634
-818
1966
-2599
3681
2048
-947
1069
-2594
757
3091
1886
1898
1964
-2537
-1608
1620
-2815
-1378
-3397
-2263
1345
2425
3588
2826
1895
2624
2730
1032
74
1391
1685
-3167
2521
-118
377
-540
-2676
2708
1050
-1868
-1055
-132
-2235
698
-293
2031
2171
1682
-109
393
-1499
-1306
-2969
2939
-1069
-729
-226
3207
1332
2374
-2358
-2298
-2786
3607
1062
-324
149
1340
2368
1009
1965
-3511
-2452
3483
2693
-512
-755
-2579
-2846
-441
-2851
2219
736
-979
2817
-2166
-2765
-2249
2898
-2614
-3119
1112
1283
-1746
-479
-607
2321
1140
3131
3540
-2465
-958
840
3156
-2377
-2274
-3673
1460
2047
-3573
-3566
1848
256
-1741
563
-1125
1850
2893
-3676
1756
1953
-1687
1443
-873
-1506
573
1910
3015
2911
-2712
1498
485
1943
2400
-2884
1461
-2091
-767
-3192
3291
654
1157
-541
-1218
-1988
-1884
-738
2435
-2694
3143
-3513
3601
2312
2273
2096
1734
3094
-2617
1692
-3300
-1047
1681
541
35
-3283
1665
-2172
74
3510
-129
1310
-910
1025
-2880
-2924
-2622
1518
-2223
-2247
1015
-1250
876
-2500
-2801
80
-1880
-2442
-3374
3291
536
1299
3012
3386
1280
3583
27
-694
-2446
-664
718
-1181
3277
-2891
3076
503
-1068
-2000
-2815
-2855
-3395
-1798
2732
-2822
-3487
3
-1222
-983
-3395
-441
-838
3602
3391
-708
3123
608
-2445
3506
-770
-52
1509
-1986
-124
-1911
-1857
-1080
3051
1129
-800
-1180
-646
-2606
2783
-951
-94
-2942
3013
103
3653
-2883
-1748
848
-698
2241
692
2704
2186
-3513
3242
-2602
-1124
290
2832
-1463
-3467
-2871
2183
-2201
1251
1355
3369
3684
-1940
2540
-779
-2062
-1183
-2177
3678
-3592
2602
1513
470
-2041
-1324
3311
2358
-2782
-443
3303
-3445
229
1685
-1734
-663
3174
841
2581
1455
-2010
-2554
829
-1316
-3173
-3267
2278
1649
2583
-3588
735
-2583
2840
903
-3401
2718
-1852
3319
-1240
2062
48
-186
-1461
3643
2793
3664
-3026
795
-17
-1525
871
3387
1802
1081
-1025
590
-3650
-1792
1038
1098
-2755
-1118
3460
-2083
-2506
36
-989
157
-3194
1321
-703
-3003
168
665
-1369
-1947
2846
1012
-1408
2083
-694
-171
-2613
-1449
-996
2379
-2043
150
-1884
1798
-2588
-71
-1777
1555
2810
3543
1394
-3648
1763
1700
2334
1754
-2575
3188
-1771
2278
-2733
-3081
-1598
-2951
-1342
-2523
2740
2051
2743
625
-1949
-3384
-2995
-1688
-1647
-1556
2462
1648
533
-537
-1914
702
-1740
2279
3079
308
-3387
1364
-1358
3150
-3114
1536
1868
-3366
2464
-1985
2090
2415
402
746
3191
-2527
128
-948
-3538
-2934
-1152
2624
2587
-1357
1636
636
2439
1992
-1343
2737
1358
-2779
-3049
-3231
2207
0
-2978
1072
1164
2796
913
3683
385
-310
2312
-1739
-1864
1648
2498
1335
-2085
429
-3045
2648
3457
-3550
-810
2680
2572
-986
-1909
561
-839
-3576
113
-950
-933
-2408
725
-1767
3647
1001
2124
2254
-2222
2741
2285
704
2619
-671
-1868
-1377
2122
789
122
2548
-2943
-3493
626
1425
2581
-233
1153
-1012
-2650
2437
3232
-2690
871
1078
1415
-429
-1265
-848
-1620
571
-2740
-119
436
2838
263
-1261
810
-3277
-1425
171
874
-2146
2203
-1509
3578
3322
-978
-3458
767
2695
140
2787
-445
282
-718
-3078
-2170
2725
-65
1518
1342
-2385
-3384
-2588
-3514
-1979
472
-831
-2077
2134
-1648
2998
-2575
-2150
-2183
-2319
-2675
3524
-2772
3140
-1444
-2880
-1048
-108
1114
3504
238
801
1378
-2298
-474
1960
-2342
-2446
1213
453
-2070
-1201
-2284
-2435
839
-3220
-1330
2492
2299
-2108
-1727
-1668
-687
-2167
-880
-2114
517
-730
-1389
-2928
-3122
1889
-1838
-2767
-1070
563
3505
-1932
3550
-753
-2951
3269
-3120
-3160
-2489
3382
-3073
-2327
-952
3054
3216
1988
-800
1801
3024
1167
2286
-1227
-3350
-375
2659
-2363
-2733
-379
-1451
-3648
2193
1637
3444
-3524
-2794
-553
1719
-1715
-2837
-2786
-878
-1091
3060
-367
-316
3283
279
-3225
-3464
-482
-1954
1065
367
-1616
-3446
-1470
1458
453
-2729
-3193
988
3593
2966
2023
-3439
1702
-1687
2991
-1235
-925
1469
-3204
-631
-2493
1033
-1757
-799
2665
257
2347
1958
-1863
1809
3174
1966
1662
-2446
102
-3115
44
-3022
2562
-261
-683
1765
510
-1677
1075
8
-873
2324
1053
-166
3602
845
899
-341
-885
-473
-1661
2892
-2974
3319
1457
-2267
-2787
-1290
-707
3244
290
175
3363
1358
1948
-1850
393
-2648
-2188
1013
-2307
273
-926
-2216
-3631
-1376
-463
-862
749
3570
2588
-733
1648
-2137
2798
-2427
-1362
2277
3502
-3675
3308
-3155
1862
-978
-1978
499
1669
-1053
-1896
-2691
1987
2291
-398
24
689
-3076
-1542
755
-1100
-2829
-3580
-71
-343
-1864
-3389
1491
1652
-3413
-1969
-2602
-638
714
1005
1929
328
1206
26
2352
237
654
-1217
3053
3255
1213
1196
-664
-1987
-1277
-138
3226
-2189
-1561
3223
-307
2043
1602
-1027
-2870
-3150
2272
3103
-1626
1546
57
1319
-692
1882
3636
9
2246
-1873
303
3132
-1690
-2930
-1488
-1190
1971
-2323
-1718
2091
-718
3662
-3460
-2715
-2116
2350
397
2657
-1253
2397
-3359
173
3064
-1716
-2636
-1338
3491
3419
1218
3505
-1586
1512
364
-2041
-2610
1023
-286
-461
-1054
-2133
3245
715
-2757
-115
-1422
-820
2236
3481
116
-2416
1898
-3520
991
-422
-1230
-3326
-1632
-3108
2066
-1349
2896
1802
2029
3639
3587
1047
23
-174
792
-367
-1817
-543
2651
-2411
-3306
3570
1700
910
-1237
-1156
-1040
-3558
1303
-1864
2702
3440
460
-1511
1361
-2449
2025
1879
2671
-3243
-88
2815
-188
-82
-944
2797
1836
278
-1982
752
-1460
-2564
-2894
2867
268
-334
2712
2762
1372
-3405
1553
3547
-1192
-2752
2989
-1139
171
-3030
2058
-767
-648
-1360
3063
2390
-1358
-1121
1695
2527
-2663
-3683
553
2569
3635
-1286
-615
61
3001
608
-1927
-2118
-1994
956
1541
1701
498
-1890
3400
-1734
-1413
1979
-3104
-35
107
3394
-3003
552
3512
-1134
1547
3540
1787
-2344
-1876
543
-3572
2892
-529
2559
-3015
2241
-141
-2296
1392
60
1236
-1046
-584
1658
624
-1488
1207
985
-2565
600
-3671
3165
2090
762
3164
-2460
1873
-1259
90
2885
-2167
-1565
-1045
1190
-110
1272
-829
3611
-2925
-5
-3212
-96
932
-1598
-1753
-3162
1836
947
-1123
-3108
3037
-139
2500
1905
2252
-1715
1376
2102
-118
906
536
-1235
1455
-3046
1103
-973
-673
279
-2456
-3208
-743
384
841
2641
-3062
-2152
-1909
3052
-1688
348
-101
-855
469
2489
-1594
-1829
2101
-1474
-305
-1365
-754
2564
1692
-1089
-2508
3286
-2664
1220
2384
-1182
718
3307
2030
-1154
3440
-1261
-3142
198
1761
-2233
-3599
2971
2249
1852
2214
-1720
1900
-2166
-2923
-2579
1138
2974
2936
-512
-2866
-394
-1462
-2376
2792
-3202
-1658
-2946
-3437
-3418
3216
-288
-1610
2419
2615
-3142
-2722
2154
1632
2990
2185
1412
-2131
-2715
-1587
-3227
-1428
-2145
3168
-2338
2711
2766
2123
2201
267
1682
-2492
-3205
-554
3030
-32
-536
1269
2017
-1423
-1039
-1612
2626
-104
-3526
1368
-849
-2019
2844
-1866
3563
1261
2796
2084
-3421
3498
-179
-3019
-1960
-1912
-916
2025
3115
-682
-1255
-1939
1658
-1629
1670
1318
417
-911
-1708
-221
-729
200
2737
-29
-3308
-579
169
3042
1115
24
-50
-2895
-2941
2630
-419
-1787
1775
-702
-1739
1265
-2061
1421
-2151
700
1565
-541
146
3288
-603
499
3164
-3030
-1339
-2550
1286
-2164
417
1560
2505
442
675
-1738
-1045
-1954
-592
52
-1456
-385
-3530
-2775
511
-828
-86
1042
122
-462
-3544
2312
349
-2550
-1871
3246
1599
1908
-176
-1316
798
-2774
3016
2039
-544
535
-1438
3660
-586
664
-37
-1243
680
-3163
1979
-2989
-465
3491
597
2779
-2512
-3367
2369
3348
1114
1710
1712
1617
185
-1139
-610
2215
1703
-3671
-1035
-769
-1031
-2689
-1678
621
-2077
-2589
-2863
2678
814
-517
-822
1615
-2194
-290
-313
-1690
-1963
1752
2287
2434
-2660
-451
-3218
-3005
-2075
687
-3554
3170
-3082
3270
848
-3112
1874
-981
2186
1022
311
548
3204
1047
307
3518
3617
-2217
532
3662
1749
-2588
733
1892
2295
-3414
-3480
-2016
-931
-1112
1835
-745
504
2047
948
2764
-3
140
3089
-1957
-1847
-1880
-1084
-1206
3538
-3500
-927
-1638
1271
922
-3400
3465
-2100
-834
725
-1034
-770
3147
474
2222
-469
1842
-446
1522
1919
1920
-832
537
-1064
2895
3644
-1563
-2522
-2287
231
-508
-2334
2
-3430
-367
2222
3120
1202
2950
-3122
-3457
-935
1117
-907
2720
-1389
479
2063
-2463
-325
1842
3440
2080
2422
369
3329
1922
-3236
539
-645
-1614
-1128
859
1969
-3502
-1800
-1909
-1336
2010
-3571
-2536
968
-2205
3509
-2086
2938
-2200
-2248
-316
-1585
2668
1305
-2496
415
812
1187
-2205
194
-2436
1801
-133
-2480
-3070
1607
3210
-2686
1029
3211
1569
-2456
2465
717
-468
2996
-1664
3231
344
3308
540
1430
-2858
294
-346
938
-2263
2958
912
-632
-1302
-1827
3608
2990
2671
-747
2624
-214
2450
2568
3131
-1931
-3080
1551
-2016
3100
1706
-1934
2142
-13
441
692
3450
708
2001
52
-97
-2463
1345
361
2440
1389
465
3265
1705
3001
914
-2193
-1503
1230
3139
1543
622
931
-1453
-2717
-3213
1726
255
1599
2697
-2775
-1386
-2477
2492
518
-1849
-326
1524
-3262
26
2259
2842
664
172
-2031
-3551
-1527
-2925
2645
-3505
2389
-910
-314
-2315
716
-2735
-606
1690
-3387
9
-3650
-1902
-391
-3077
2267
871
2549
1495
-1598
3585
-1904
-2546
-2014
-1465
2661
2086
-540
634
-402
599
8
780
802
-1556
-1057
-2022
-869
1496
2237
887
-1906
-2878
2474
-22
1824
1286
-1421
939
-3319
-2643
-3360
-816
-2193
2820
-2548
-2185
-2520
-75
1424
840
-277
2434
-2680
1445
1193
-2818
-2663
-3359
-3104
3361
-364
-2012
-2920
-1352
-2014
-812
-2320
-1993
-3346
48
-284
190
2725
1367
-3187
-3453
-741
-614
3299
-581
2700
2866
2442
85
12
2261
3467
-1303
-217
887
-600
-2317
-2718
-556
154
2881
-2003
903
-2489
1209
2542
1903
257
2377
2256
535
1797
-529
2866
1017
686
1400
-1421
973
-1381
2775
-2835
-466
446
1437
-1872
-3645
2553
-3678
-1739
1299
-3184
-3128
888
210
-3127
-3011
-1921
-3365
-775
1049
2969
-1028
2578
-3235
2548
-3455
1977
1122
-2203
-2176
3532
25
1846
-2661
395
273
-2717
-212
1266
-1447
3121
2119
2216
-2627
697
472
1220
3620
-830
-1634
-1527
-3658
470
-3609
413
-2071
3265
2551
2723
-3435
668
315
-77
1771
-623
2950
-852
-1733
-2698
241
-2503
3194
505
422
1998
910
-3188
435
1751
-2900
1998
-1648
3374
-2694
-3417
-1851
643
-2724
-1577
-180
2340
2395
3429
1453
128
-798
-931
-2905
2555
-2077
783
-1085
1883
-75
2672
2050
516
1894
-1006
-1333
-2047
-1329
3287
-380
-3270
-1160
3587
-246
737
-2062
-2026
2146
-3522
1016
